2.131788e-12	
2.110390e-12	
2.088992e-12	
2.067594e-12	
2.046196e-12	
2.024798e-12	
2.003400e-12	
1.982002e-12	
1.960604e-12	
1.939206e-12	
1.917808e-12	
1.896410e-12	
1.875012e-12	
1.853614e-12	
1.832216e-12	
1.810818e-12	
1.789420e-12	
1.768022e-12	
1.746624e-12	
1.725226e-12	
1.703828e-12	
1.682430e-12	
1.661032e-12	
1.639634e-12	
1.618236e-12	
1.596838e-12	
1.575440e-12	
1.554042e-12	
1.532644e-12	
1.511246e-12	
1.489848e-12	
1.468450e-12	
1.447052e-12	
1.425654e-12	
1.404256e-12	
1.382858e-12	
1.361460e-12	
1.340062e-12	
1.318664e-12	
1.297266e-12	
1.275868e-12	
1.254470e-12	
1.233072e-12	
1.211674e-12	
1.190276e-12	
1.168878e-12	
1.147480e-12	
1.126082e-12	
1.104684e-12	
1.083286e-12	
1.061888e-12	
1.040490e-12	
1.019092e-12	
9.976943e-13	
9.762963e-13	
9.548983e-13	
9.335003e-13	
9.121023e-13	
8.907044e-13	
8.693064e-13	
8.479084e-13	
8.265104e-13	
8.051125e-13	
7.837145e-13	
7.623165e-13	
7.409186e-13	
7.195206e-13	
6.981226e-13	
6.767247e-13	
6.553267e-13	
6.339288e-13	
6.125308e-13	
5.911329e-13	
5.697349e-13	
5.483370e-13	
5.269390e-13	
5.055411e-13	
4.841431e-13	
4.627452e-13	
4.413472e-13	
4.199493e-13	
3.985513e-13	
3.771534e-13	
3.557555e-13	
3.343575e-13	
3.129596e-13	
2.915617e-13	
2.701637e-13	
2.487658e-13	
2.273679e-13	
2.059700e-13	
1.845721e-13	
1.631741e-13	
1.417762e-13	
1.203783e-13	
9.898040e-14	
7.758249e-14	
5.618458e-14	
3.478668e-14	
1.338877e-14	
