1.701991e-01	1.703733e-01	1.705374e-01	1.705834e-01	1.705910e-01	1.705930e-01	1.705934e-01	1.705880e-01	1.705420e-01	1.702021e-01	1.689485e-01	
6.386101e-02	6.377639e-02	6.378012e-02	6.386236e-02	6.392569e-02	6.398079e-02	6.403063e-02	6.407582e-02	6.410807e-02	6.405487e-02	1.686768e-01	
6.300076e-02	6.252606e-02	6.249651e-02	6.270886e-02	6.289272e-02	6.305614e-02	6.320508e-02	6.334450e-02	6.347638e-02	6.358033e-02	1.682190e-01	
1.656319e-01	1.632967e-01	1.637302e-01	1.644682e-01	1.651147e-01	1.656910e-01	1.662168e-01	1.667109e-01	1.671924e-01	1.676815e-01	1.679471e-01	
6.201171e-02	1.630050e-01	6.167983e-02	6.184063e-02	6.197608e-02	6.209090e-02	6.218816e-02	6.227073e-02	6.234146e-02	6.240317e-02	6.236647e-02	
6.090214e-02	1.625137e-01	6.134010e-02	6.126261e-02	6.118103e-02	6.109064e-02	6.098574e-02	6.086069e-02	6.070967e-02	6.052694e-02	6.051665e-02	
1.597451e-01	1.622219e-01	1.619284e-01	1.614036e-01	1.608996e-01	1.603880e-01	1.598421e-01	1.592356e-01	1.585416e-01	1.577314e-01	1.572441e-01	
5.974633e-02	6.012413e-02	6.016036e-02	6.009279e-02	6.001965e-02	5.993599e-02	5.983693e-02	5.971770e-02	5.957337e-02	5.939734e-02	1.569293e-01	
5.855413e-02	5.813823e-02	5.814593e-02	5.833788e-02	5.849860e-02	5.863356e-02	5.874833e-02	5.884831e-02	5.893908e-02	5.902529e-02	1.563990e-01	
1.534200e-01	1.507329e-01	1.512453e-01	1.521001e-01	1.528359e-01	1.534832e-01	1.540707e-01	1.546263e-01	1.551785e-01	1.557580e-01	1.560840e-01	
5.731450e-02	1.503959e-01	5.693385e-02	5.711734e-02	5.726905e-02	5.739586e-02	5.750298e-02	5.759551e-02	5.767864e-02	5.775774e-02	5.772127e-02	
5.603802e-02	1.498280e-01	5.653554e-02	5.643818e-02	5.633804e-02	5.622997e-02	5.610804e-02	5.596646e-02	5.579929e-02	5.560073e-02	5.559493e-02	
1.466478e-01	1.494908e-01	1.491327e-01	1.484992e-01	1.478999e-01	1.473021e-01	1.466754e-01	1.459900e-01	1.452154e-01	1.443189e-01	1.437827e-01	
5.471568e-02	5.515009e-02	5.518653e-02	5.509584e-02	5.500283e-02	5.490177e-02	5.478708e-02	5.465331e-02	5.449488e-02	5.430458e-02	1.434244e-01	
5.335874e-02	5.288972e-02	5.289356e-02	5.309802e-02	5.327108e-02	5.341888e-02	5.354767e-02	5.366359e-02	5.377289e-02	5.388115e-02	1.428207e-01	
1.394487e-01	1.364141e-01	1.369725e-01	1.379079e-01	1.387191e-01	1.394405e-01	1.401046e-01	1.407427e-01	1.413874e-01	1.420731e-01	1.424623e-01	
5.195762e-02	1.360356e-01	5.151728e-02	5.171382e-02	5.187849e-02	5.201881e-02	5.214073e-02	5.225004e-02	5.235267e-02	5.245468e-02	5.241839e-02	
5.052427e-02	1.353980e-01	5.107001e-02	5.095117e-02	5.083302e-02	5.070960e-02	5.057433e-02	5.042076e-02	5.024234e-02	5.003258e-02	5.003073e-02	
1.318442e-01	1.350194e-01	1.346002e-01	1.338643e-01	1.331763e-01	1.324996e-01	1.318002e-01	1.310449e-01	1.301997e-01	1.292281e-01	1.286492e-01	
4.904855e-02	4.953431e-02	4.957034e-02	4.945730e-02	4.934536e-02	4.922813e-02	4.909935e-02	4.895288e-02	4.878247e-02	4.858029e-02	1.282517e-01	
4.754306e-02	4.702647e-02	4.702633e-02	4.724075e-02	4.742402e-02	4.758289e-02	4.772424e-02	4.785480e-02	4.798144e-02	4.811051e-02	1.275819e-01	
1.238570e-01	1.205111e-01	1.211087e-01	1.221136e-01	1.229904e-01	1.237773e-01	1.245100e-01	1.252232e-01	1.259526e-01	1.267364e-01	1.271843e-01	
4.599715e-02	1.200956e-01	4.550236e-02	4.570958e-02	4.588522e-02	4.603739e-02	4.617266e-02	4.629746e-02	4.641837e-02	4.654210e-02	4.650643e-02	
4.442400e-02	1.193958e-01	4.501146e-02	4.487255e-02	4.473780e-02	4.460050e-02	4.445348e-02	4.428978e-02	4.410222e-02	4.388377e-02	4.388591e-02	
1.155108e-01	1.189803e-01	1.185050e-01	1.176756e-01	1.169070e-01	1.161594e-01	1.153957e-01	1.145795e-01	1.136737e-01	1.126386e-01	1.120240e-01	
4.281250e-02	4.334380e-02	4.337900e-02	4.324495e-02	4.311542e-02	4.298343e-02	4.284208e-02	4.268467e-02	4.250431e-02	4.229266e-02	1.115919e-01	
4.117640e-02	4.061840e-02	4.061428e-02	4.083611e-02	4.102739e-02	4.119545e-02	4.134768e-02	4.149132e-02	4.163378e-02	4.178212e-02	1.108641e-01	
1.068306e-01	1.032133e-01	1.038430e-01	1.049054e-01	1.058374e-01	1.066804e-01	1.074730e-01	1.082527e-01	1.090582e-01	1.099307e-01	1.104319e-01	
3.950412e-02	1.027659e-01	3.896078e-02	3.917622e-02	3.936075e-02	3.952294e-02	3.966995e-02	3.980875e-02	3.994650e-02	4.009047e-02	4.005585e-02	
3.780994e-02	1.020122e-01	3.843212e-02	3.827479e-02	3.812504e-02	3.797549e-02	3.781850e-02	3.764660e-02	3.745216e-02	3.722761e-02	3.723370e-02	
9.784227e-02	1.015647e-01	1.010391e-01	1.001260e-01	9.928600e-02	9.847646e-02	9.765748e-02	9.679015e-02	9.583463e-02	9.474826e-02	9.410524e-02	
3.608188e-02	3.665239e-02	3.668632e-02	3.653287e-02	3.638730e-02	3.624210e-02	3.608988e-02	3.592339e-02	3.573524e-02	3.551665e-02	9.364383e-02	
3.433466e-02	3.374191e-02	3.373386e-02	3.396045e-02	3.415747e-02	3.433271e-02	3.449400e-02	3.464901e-02	3.480559e-02	3.497144e-02	9.286658e-02	
8.857262e-02	8.472702e-02	8.538140e-02	8.648854e-02	8.746469e-02	8.835375e-02	8.919673e-02	9.003368e-02	9.090563e-02	9.185652e-02	9.240509e-02	
3.255596e-02	8.425298e-02	3.197054e-02	3.219163e-02	3.238285e-02	3.255313e-02	3.271012e-02	3.286127e-02	3.301423e-02	3.317671e-02	3.314356e-02	
3.076094e-02	8.345445e-02	3.141041e-02	3.123654e-02	3.107359e-02	3.091358e-02	3.074847e-02	3.057043e-02	3.037141e-02	3.014345e-02	3.015343e-02	
7.904929e-02	8.298034e-02	8.241051e-02	8.142466e-02	8.052332e-02	7.966145e-02	7.879700e-02	7.788886e-02	7.689499e-02	7.577037e-02	7.510659e-02	
2.893691e-02	2.953983e-02	2.957211e-02	2.940107e-02	2.924119e-02	2.908453e-02	2.892325e-02	2.874967e-02	2.855596e-02	2.833304e-02	7.462133e-02	
2.709942e-02	2.647897e-02	2.646709e-02	2.669574e-02	2.689615e-02	2.707648e-02	2.724491e-02	2.740944e-02	2.757828e-02	2.775966e-02	7.380391e-02	
6.930069e-02	6.527264e-02	6.594385e-02	6.708260e-02	6.809122e-02	6.901572e-02	6.989909e-02	7.078329e-02	7.171132e-02	7.272921e-02	7.331859e-02	
2.523550e-02	6.477761e-02	2.461498e-02	2.483908e-02	2.503471e-02	2.521105e-02	2.537615e-02	2.553785e-02	2.570418e-02	2.588325e-02	2.585196e-02	
2.336103e-02	6.394374e-02	2.403006e-02	2.384172e-02	2.366750e-02	2.349894e-02	2.332769e-02	2.314562e-02	2.294441e-02	2.271575e-02	2.272949e-02	
5.935589e-02	6.344866e-02	6.284149e-02	6.179460e-02	6.084265e-02	5.993874e-02	5.903911e-02	5.810099e-02	5.708062e-02	5.593115e-02	5.525451e-02	
2.146277e-02	2.209092e-02	2.212114e-02	2.193458e-02	2.176231e-02	2.159606e-02	2.142764e-02	2.124904e-02	2.105208e-02	2.082746e-02	5.475118e-02	
1.955690e-02	1.891614e-02	1.890058e-02	1.912859e-02	1.933003e-02	1.951332e-02	1.968689e-02	1.985898e-02	2.003805e-02	2.023276e-02	5.390335e-02	
4.924449e-02	4.508194e-02	4.576202e-02	4.691888e-02	4.794804e-02	4.889705e-02	4.981031e-02	5.073122e-02	5.170422e-02	5.277688e-02	5.339998e-02	
1.762998e-02	4.457181e-02	1.698170e-02	1.720621e-02	1.740407e-02	1.758455e-02	1.775593e-02	1.792628e-02	1.810392e-02	1.829723e-02	1.826805e-02	
1.569845e-02	4.371252e-02	1.637888e-02	1.617848e-02	1.599547e-02	1.582082e-02	1.564583e-02	1.546202e-02	1.526078e-02	1.503361e-02	1.505063e-02	
3.899693e-02	4.320235e-02	4.256469e-02	4.146981e-02	4.047996e-02	3.954640e-02	3.862357e-02	3.766704e-02	3.663157e-02	3.546905e-02	3.478637e-02	
1.374350e-02	1.438543e-02	1.441181e-02	1.421586e-02	1.403853e-02	1.387016e-02	1.370116e-02	1.352218e-02	1.332365e-02	1.309502e-02	3.427091e-02	
1.178176e-02	1.111435e-02	1.109359e-02	1.132959e-02	1.154448e-02	1.174376e-02	1.193308e-02	1.211790e-02	1.230366e-02	1.249584e-02	3.340265e-02	
2.858917e-02	2.427599e-02	2.496728e-02	2.616851e-02	2.725785e-02	2.827326e-02	2.924992e-02	3.022193e-02	3.122367e-02	3.229114e-02	3.288716e-02	
9.980149e-03	2.374882e-02	8.956227e-03	9.257749e-03	9.563159e-03	9.850608e-03	1.012733e-02	1.040277e-02	1.068685e-02	1.099026e-02	1.087931e-02	
8.353775e-03	2.286084e-02	8.011934e-03	8.012009e-03	8.105943e-03	8.201557e-03	8.294221e-03	8.386558e-03	8.482383e-03	8.591002e-03	8.550996e-03	
1.995386e-02	2.233364e-02	1.995114e-02	1.956317e-02	1.953211e-02	1.953063e-02	1.953159e-02	1.953293e-02	1.953660e-02	1.956773e-02	1.975134e-02	
