3.199540e-03	3.199905e-03	3.200249e-03	3.200345e-03	3.200361e-03	3.200365e-03	3.200366e-03	3.200355e-03	3.200258e-03	3.199546e-03	3.196917e-03	
1.204764e-03	1.204586e-03	1.204594e-03	1.204767e-03	1.204900e-03	1.205015e-03	1.205120e-03	1.205214e-03	1.205282e-03	1.205170e-03	3.196348e-03	
1.202960e-03	1.201965e-03	1.201904e-03	1.202350e-03	1.202736e-03	1.203078e-03	1.203390e-03	1.203682e-03	1.203958e-03	1.204176e-03	3.195388e-03	
3.189962e-03	3.185064e-03	3.185975e-03	3.187526e-03	3.188883e-03	3.190092e-03	3.191195e-03	3.192230e-03	3.193238e-03	3.194262e-03	3.194818e-03	
1.200888e-03	3.184452e-03	1.200193e-03	1.200532e-03	1.200816e-03	1.201057e-03	1.201261e-03	1.201434e-03	1.201581e-03	1.201709e-03	1.201632e-03	
1.198561e-03	3.183421e-03	1.199481e-03	1.199320e-03	1.199150e-03	1.198961e-03	1.198740e-03	1.198477e-03	1.198159e-03	1.197774e-03	1.197752e-03	
3.177610e-03	3.182809e-03	3.182196e-03	3.181100e-03	3.180045e-03	3.178973e-03	3.177827e-03	3.176552e-03	3.175092e-03	3.173385e-03	3.172359e-03	
1.196137e-03	1.196930e-03	1.197006e-03	1.196867e-03	1.196715e-03	1.196541e-03	1.196333e-03	1.196082e-03	1.195778e-03	1.195407e-03	3.171698e-03	
1.193633e-03	1.192759e-03	1.192776e-03	1.193182e-03	1.193522e-03	1.193807e-03	1.194048e-03	1.194258e-03	1.194447e-03	1.194626e-03	3.170583e-03	
3.164321e-03	3.158670e-03	3.159753e-03	3.161558e-03	3.163111e-03	3.164474e-03	3.165710e-03	3.166875e-03	3.168031e-03	3.169242e-03	3.169922e-03	
1.191029e-03	3.157960e-03	1.190232e-03	1.190621e-03	1.190942e-03	1.191209e-03	1.191434e-03	1.191627e-03	1.191799e-03	1.191962e-03	1.191884e-03	
1.188343e-03	3.156765e-03	1.189394e-03	1.189193e-03	1.188984e-03	1.188757e-03	1.188500e-03	1.188201e-03	1.187846e-03	1.187423e-03	1.187409e-03	
3.150065e-03	3.156055e-03	3.155308e-03	3.153984e-03	3.152728e-03	3.151472e-03	3.150152e-03	3.148704e-03	3.147064e-03	3.145164e-03	3.144026e-03	
1.185559e-03	1.186474e-03	1.186553e-03	1.186366e-03	1.186174e-03	1.185963e-03	1.185722e-03	1.185439e-03	1.185102e-03	1.184697e-03	3.143270e-03	
1.182697e-03	1.181706e-03	1.181716e-03	1.182154e-03	1.182523e-03	1.182837e-03	1.183109e-03	1.183353e-03	1.183581e-03	1.183805e-03	3.141996e-03	
3.134873e-03	3.128460e-03	3.129649e-03	3.131641e-03	3.133364e-03	3.134893e-03	3.136296e-03	3.137640e-03	3.138992e-03	3.140427e-03	3.141240e-03	
1.179739e-03	3.127659e-03	1.178814e-03	1.179235e-03	1.179586e-03	1.179884e-03	1.180141e-03	1.180369e-03	1.180582e-03	1.180791e-03	1.180712e-03	
1.176707e-03	3.126309e-03	1.177869e-03	1.177623e-03	1.177376e-03	1.177116e-03	1.176829e-03	1.176501e-03	1.176119e-03	1.175667e-03	1.175661e-03	
3.118779e-03	3.125508e-03	3.124631e-03	3.123089e-03	3.121642e-03	3.120214e-03	3.118731e-03	3.117124e-03	3.115321e-03	3.113243e-03	3.112004e-03	
1.173582e-03	1.174611e-03	1.174690e-03	1.174458e-03	1.174226e-03	1.173981e-03	1.173708e-03	1.173396e-03	1.173031e-03	1.172596e-03	3.111160e-03	
1.170386e-03	1.169286e-03	1.169289e-03	1.169754e-03	1.170149e-03	1.170490e-03	1.170791e-03	1.171067e-03	1.171332e-03	1.171599e-03	3.109737e-03	
3.101815e-03	3.094694e-03	3.095980e-03	3.098139e-03	3.100019e-03	3.101700e-03	3.103259e-03	3.104770e-03	3.106307e-03	3.107954e-03	3.108893e-03	
1.167100e-03	3.093808e-03	1.166055e-03	1.166504e-03	1.166882e-03	1.167208e-03	1.167495e-03	1.167757e-03	1.168008e-03	1.168262e-03	1.168182e-03	
1.163747e-03	3.092316e-03	1.165009e-03	1.164721e-03	1.164438e-03	1.164147e-03	1.163833e-03	1.163480e-03	1.163072e-03	1.162596e-03	1.162597e-03	
3.084018e-03	3.091430e-03	3.090431e-03	3.088684e-03	3.087058e-03	3.085469e-03	3.083837e-03	3.082085e-03	3.080133e-03	3.077896e-03	3.076566e-03	
1.160307e-03	1.161441e-03	1.161520e-03	1.161245e-03	1.160975e-03	1.160697e-03	1.160396e-03	1.160058e-03	1.159667e-03	1.159205e-03	3.075640e-03	
1.156804e-03	1.155606e-03	1.155602e-03	1.156089e-03	1.156507e-03	1.156872e-03	1.157199e-03	1.157505e-03	1.157804e-03	1.158113e-03	3.074082e-03	
3.065427e-03	3.057658e-03	3.059030e-03	3.061340e-03	3.063360e-03	3.065180e-03	3.066881e-03	3.068545e-03	3.070255e-03	3.072100e-03	3.073156e-03	
1.153218e-03	3.056696e-03	1.152062e-03	1.152535e-03	1.152938e-03	1.153288e-03	1.153603e-03	1.153896e-03	1.154183e-03	1.154480e-03	1.154401e-03	
1.149573e-03	3.055073e-03	1.150925e-03	1.150597e-03	1.150281e-03	1.149962e-03	1.149622e-03	1.149246e-03	1.148818e-03	1.148321e-03	1.148329e-03	
3.046080e-03	3.054110e-03	3.052998e-03	3.051061e-03	3.049270e-03	3.047534e-03	3.045767e-03	3.043884e-03	3.041800e-03	3.039422e-03	3.038012e-03	
1.145847e-03	1.147077e-03	1.147156e-03	1.146839e-03	1.146534e-03	1.146226e-03	1.145899e-03	1.145537e-03	1.145123e-03	1.144640e-03	3.037013e-03	
1.142068e-03	1.140780e-03	1.140769e-03	1.141275e-03	1.141713e-03	1.142098e-03	1.142449e-03	1.142782e-03	1.143114e-03	1.143461e-03	3.035331e-03	
3.026017e-03	3.017667e-03	3.019113e-03	3.021554e-03	3.023698e-03	3.025640e-03	3.027469e-03	3.029273e-03	3.031141e-03	3.033167e-03	3.034333e-03	
1.138211e-03	3.016635e-03	1.136954e-03	1.137447e-03	1.137871e-03	1.138244e-03	1.138583e-03	1.138905e-03	1.139226e-03	1.139563e-03	1.139485e-03	
1.134304e-03	3.014897e-03	1.135736e-03	1.135370e-03	1.135024e-03	1.134678e-03	1.134317e-03	1.133922e-03	1.133476e-03	1.132962e-03	1.132977e-03	
3.005282e-03	3.013864e-03	3.012648e-03	3.010537e-03	3.008597e-03	3.006729e-03	3.004841e-03	3.002843e-03	3.000644e-03	2.998145e-03	2.996667e-03	
1.130325e-03	1.131640e-03	1.131717e-03	1.131362e-03	1.131025e-03	1.130690e-03	1.130339e-03	1.129956e-03	1.129523e-03	1.129021e-03	2.995603e-03	
1.126300e-03	1.124934e-03	1.124916e-03	1.125437e-03	1.125890e-03	1.126294e-03	1.126665e-03	1.127022e-03	1.127383e-03	1.127766e-03	2.993812e-03	
2.983917e-03	2.975054e-03	2.976563e-03	2.979115e-03	2.981364e-03	2.983413e-03	2.985355e-03	2.987284e-03	2.989293e-03	2.991484e-03	2.992749e-03	
1.122205e-03	2.973962e-03	1.120857e-03	1.121367e-03	1.121808e-03	1.122200e-03	1.122562e-03	1.122910e-03	1.123261e-03	1.123635e-03	1.123559e-03	
1.118069e-03	2.972122e-03	1.119568e-03	1.119169e-03	1.118794e-03	1.118426e-03	1.118045e-03	1.117634e-03	1.117174e-03	1.116647e-03	1.116669e-03	
2.961966e-03	2.971029e-03	2.969719e-03	2.967452e-03	2.965378e-03	2.963394e-03	2.961401e-03	2.959305e-03	2.957009e-03	2.954410e-03	2.952875e-03	
1.113869e-03	1.115258e-03	1.115333e-03	1.114943e-03	1.114576e-03	1.114217e-03	1.113845e-03	1.113445e-03	1.112996e-03	1.112480e-03	2.951755e-03	
1.109631e-03	1.108199e-03	1.108174e-03	1.108706e-03	1.109171e-03	1.109589e-03	1.109978e-03	1.110357e-03	1.110744e-03	1.111158e-03	2.949870e-03	
2.939474e-03	2.930173e-03	2.931732e-03	2.934374e-03	2.936711e-03	2.938850e-03	2.940889e-03	2.942926e-03	2.945060e-03	2.947398e-03	2.948750e-03	
1.105333e-03	2.929029e-03	1.103905e-03	1.104428e-03	1.104883e-03	1.105291e-03	1.105672e-03	1.106043e-03	1.106423e-03	1.106830e-03	1.106755e-03	
1.101002e-03	2.927102e-03	1.102555e-03	1.102126e-03	1.101727e-03	1.101340e-03	1.100945e-03	1.100521e-03	1.100051e-03	1.099513e-03	1.099541e-03	
2.916489e-03	2.925957e-03	2.924564e-03	2.922162e-03	2.919975e-03	2.917893e-03	2.915814e-03	2.913638e-03	2.911263e-03	2.908580e-03	2.906998e-03	
1.096603e-03	1.098047e-03	1.098116e-03	1.097702e-03	1.097321e-03	1.096952e-03	1.096573e-03	1.096164e-03	1.095703e-03	1.095165e-03	2.905831e-03	
1.092165e-03	1.090646e-03	1.090610e-03	1.091173e-03	1.091680e-03	1.092143e-03	1.092576e-03	1.092989e-03	1.093397e-03	1.093810e-03	2.903866e-03	
2.892933e-03	2.883119e-03	2.884737e-03	2.887536e-03	2.890058e-03	2.892389e-03	2.894610e-03	2.896798e-03	2.899032e-03	2.901391e-03	2.902700e-03	
1.088080e-03	2.881915e-03	1.085765e-03	1.086469e-03	1.087176e-03	1.087835e-03	1.088464e-03	1.089084e-03	1.089717e-03	1.090387e-03	1.090125e-03	
1.084374e-03	2.879887e-03	1.083601e-03	1.083607e-03	1.083825e-03	1.084044e-03	1.084254e-03	1.084462e-03	1.084675e-03	1.084916e-03	1.084823e-03	
2.873246e-03	2.878682e-03	2.873239e-03	2.872353e-03	2.872282e-03	2.872279e-03	2.872281e-03	2.872284e-03	2.872292e-03	2.872364e-03	2.872783e-03	
