2.131784e-12	
2.110389e-12	
2.088994e-12	
2.067599e-12	
2.046204e-12	
2.024809e-12	
2.003414e-12	
1.982018e-12	
1.960623e-12	
1.939228e-12	
1.917833e-12	
1.896438e-12	
1.875043e-12	
1.853648e-12	
1.832253e-12	
1.810858e-12	
1.789463e-12	
1.768068e-12	
1.746673e-12	
1.725278e-12	
1.703883e-12	
1.682488e-12	
1.661093e-12	
1.639698e-12	
1.618303e-12	
1.596908e-12	
1.575513e-12	
1.554117e-12	
1.532722e-12	
1.511327e-12	
1.489932e-12	
1.468537e-12	
1.447142e-12	
1.425747e-12	
1.404352e-12	
1.382957e-12	
1.361562e-12	
1.340167e-12	
1.318772e-12	
1.297377e-12	
1.275982e-12	
1.254587e-12	
1.233192e-12	
1.211797e-12	
1.190402e-12	
1.169007e-12	
1.147612e-12	
1.126216e-12	
1.104821e-12	
1.083426e-12	
1.062031e-12	
1.040636e-12	
1.019241e-12	
9.978462e-13	
9.764511e-13	
9.550561e-13	
9.336611e-13	
9.122660e-13	
8.908710e-13	
8.694759e-13	
8.480809e-13	
8.266858e-13	
8.052908e-13	
7.838957e-13	
7.625007e-13	
7.411056e-13	
7.197106e-13	
6.983156e-13	
6.769205e-13	
6.555255e-13	
6.341304e-13	
6.127354e-13	
5.913403e-13	
5.699453e-13	
5.485503e-13	
5.271552e-13	
5.057602e-13	
4.843651e-13	
4.629701e-13	
4.415750e-13	
4.201800e-13	
3.987850e-13	
3.773899e-13	
3.559949e-13	
3.345998e-13	
3.132048e-13	
2.918098e-13	
2.704147e-13	
2.490197e-13	
2.276247e-13	
2.062296e-13	
1.848346e-13	
1.634395e-13	
1.420445e-13	
1.206495e-13	
9.925444e-14	
7.785940e-14	
5.646437e-14	
3.506934e-14	
1.367430e-14	
