2.131788e-12	
2.110391e-12	
2.088993e-12	
2.067596e-12	
2.046198e-12	
2.024800e-12	
2.003403e-12	
1.982005e-12	
1.960608e-12	
1.939210e-12	
1.917813e-12	
1.896415e-12	
1.875017e-12	
1.853620e-12	
1.832222e-12	
1.810825e-12	
1.789427e-12	
1.768030e-12	
1.746632e-12	
1.725235e-12	
1.703837e-12	
1.682439e-12	
1.661042e-12	
1.639644e-12	
1.618247e-12	
1.596849e-12	
1.575452e-12	
1.554054e-12	
1.532657e-12	
1.511259e-12	
1.489861e-12	
1.468464e-12	
1.447066e-12	
1.425669e-12	
1.404271e-12	
1.382874e-12	
1.361476e-12	
1.340079e-12	
1.318681e-12	
1.297283e-12	
1.275886e-12	
1.254488e-12	
1.233091e-12	
1.211693e-12	
1.190296e-12	
1.168898e-12	
1.147501e-12	
1.126103e-12	
1.104705e-12	
1.083308e-12	
1.061910e-12	
1.040513e-12	
1.019115e-12	
9.977178e-13	
9.763202e-13	
9.549227e-13	
9.335252e-13	
9.121276e-13	
8.907301e-13	
8.693325e-13	
8.479350e-13	
8.265375e-13	
8.051399e-13	
7.837424e-13	
7.623449e-13	
7.409473e-13	
7.195498e-13	
6.981523e-13	
6.767547e-13	
6.553572e-13	
6.339597e-13	
6.125622e-13	
5.911646e-13	
5.697671e-13	
5.483696e-13	
5.269721e-13	
5.055746e-13	
4.841770e-13	
4.627795e-13	
4.413820e-13	
4.199845e-13	
3.985870e-13	
3.771895e-13	
3.557919e-13	
3.343944e-13	
3.129969e-13	
2.915994e-13	
2.702019e-13	
2.488044e-13	
2.274069e-13	
2.060094e-13	
1.846119e-13	
1.632144e-13	
1.418169e-13	
1.204194e-13	
9.902189e-14	
7.762439e-14	
5.622690e-14	
3.482941e-14	
1.343191e-14	
