1.081282e-01	1.082375e-01	1.083405e-01	1.083694e-01	1.083741e-01	1.083754e-01	1.083757e-01	1.083723e-01	1.083434e-01	1.081300e-01	1.073432e-01	
4.057310e-02	4.051999e-02	4.052233e-02	4.057394e-02	4.061370e-02	4.064828e-02	4.067956e-02	4.070792e-02	4.072817e-02	4.069477e-02	1.071726e-01	
4.003315e-02	3.973520e-02	3.971665e-02	3.984994e-02	3.996534e-02	4.006791e-02	4.016139e-02	4.024891e-02	4.033168e-02	4.039693e-02	1.068853e-01	
1.052615e-01	1.037958e-01	1.040679e-01	1.045311e-01	1.049369e-01	1.052986e-01	1.056286e-01	1.059387e-01	1.062409e-01	1.065480e-01	1.067147e-01	
3.941236e-02	1.036127e-01	3.920405e-02	3.930498e-02	3.939000e-02	3.946207e-02	3.952311e-02	3.957494e-02	3.961933e-02	3.965807e-02	3.963503e-02	
3.871592e-02	1.033043e-01	3.899082e-02	3.894218e-02	3.889098e-02	3.883424e-02	3.876840e-02	3.868991e-02	3.859512e-02	3.848043e-02	3.847397e-02	
1.015666e-01	1.031211e-01	1.029369e-01	1.026075e-01	1.022912e-01	1.019701e-01	1.016275e-01	1.012468e-01	1.008112e-01	1.003026e-01	9.999680e-02	
3.799047e-02	3.822760e-02	3.825034e-02	3.820793e-02	3.816202e-02	3.810951e-02	3.804734e-02	3.797250e-02	3.788191e-02	3.777142e-02	9.979921e-02	
3.724216e-02	3.698112e-02	3.698595e-02	3.710643e-02	3.720732e-02	3.729203e-02	3.736406e-02	3.742682e-02	3.748379e-02	3.753790e-02	9.946632e-02	
9.759655e-02	9.590993e-02	9.623154e-02	9.676807e-02	9.722990e-02	9.763623e-02	9.800499e-02	9.835370e-02	9.870031e-02	9.906404e-02	9.926864e-02	
3.646409e-02	9.569837e-02	3.622517e-02	3.634035e-02	3.643557e-02	3.651517e-02	3.658240e-02	3.664048e-02	3.669266e-02	3.674230e-02	3.671941e-02	
3.566289e-02	9.534195e-02	3.597517e-02	3.591406e-02	3.585121e-02	3.578338e-02	3.570685e-02	3.561798e-02	3.551305e-02	3.538842e-02	3.538477e-02	
9.334584e-02	9.513031e-02	9.490553e-02	9.450789e-02	9.413173e-02	9.375655e-02	9.336320e-02	9.293297e-02	9.244675e-02	9.188405e-02	9.154750e-02	
3.483290e-02	3.510557e-02	3.512844e-02	3.507152e-02	3.501314e-02	3.494971e-02	3.487772e-02	3.479376e-02	3.469432e-02	3.457487e-02	9.132260e-02	
3.398119e-02	3.368680e-02	3.368921e-02	3.381755e-02	3.392617e-02	3.401894e-02	3.409978e-02	3.417254e-02	3.424115e-02	3.430910e-02	9.094371e-02	
8.882719e-02	8.692247e-02	8.727293e-02	8.786009e-02	8.836924e-02	8.882207e-02	8.923886e-02	8.963942e-02	9.004403e-02	9.047442e-02	9.071873e-02	
3.310175e-02	8.668489e-02	3.282536e-02	3.294873e-02	3.305209e-02	3.314017e-02	3.321669e-02	3.328530e-02	3.334971e-02	3.341374e-02	3.339096e-02	
3.220207e-02	8.628467e-02	3.254463e-02	3.247003e-02	3.239588e-02	3.231841e-02	3.223350e-02	3.213711e-02	3.202512e-02	3.189345e-02	3.189229e-02	
8.405403e-02	8.604702e-02	8.578391e-02	8.532204e-02	8.489018e-02	8.446544e-02	8.402645e-02	8.355236e-02	8.302181e-02	8.241194e-02	8.204861e-02	
3.127580e-02	3.158070e-02	3.160331e-02	3.153237e-02	3.146211e-02	3.138853e-02	3.130769e-02	3.121576e-02	3.110880e-02	3.098189e-02	8.179907e-02	
3.033084e-02	3.000658e-02	3.000650e-02	3.014109e-02	3.025612e-02	3.035585e-02	3.044457e-02	3.052652e-02	3.060601e-02	3.068702e-02	8.137870e-02	
7.904061e-02	7.694046e-02	7.731557e-02	7.794633e-02	7.849671e-02	7.899065e-02	7.945052e-02	7.989817e-02	8.035600e-02	8.084796e-02	8.112909e-02	
2.936050e-02	7.667970e-02	2.904993e-02	2.918001e-02	2.929026e-02	2.938577e-02	2.947068e-02	2.954901e-02	2.962490e-02	2.970256e-02	2.968017e-02	
2.837306e-02	7.624044e-02	2.874181e-02	2.865462e-02	2.857004e-02	2.848386e-02	2.839158e-02	2.828882e-02	2.817110e-02	2.803397e-02	2.803531e-02	
7.380186e-02	7.597962e-02	7.568130e-02	7.516071e-02	7.467829e-02	7.420905e-02	7.372967e-02	7.321735e-02	7.264879e-02	7.199902e-02	7.161324e-02	
2.736155e-02	2.769504e-02	2.771713e-02	2.763300e-02	2.755170e-02	2.746885e-02	2.738013e-02	2.728132e-02	2.716811e-02	2.703526e-02	7.134205e-02	
2.633459e-02	2.598434e-02	2.598175e-02	2.612100e-02	2.624107e-02	2.634656e-02	2.644211e-02	2.653227e-02	2.662169e-02	2.671480e-02	7.088519e-02	
6.835340e-02	6.608284e-02	6.647814e-02	6.714498e-02	6.773003e-02	6.825919e-02	6.875666e-02	6.924608e-02	6.975166e-02	7.029933e-02	7.061394e-02	
2.528492e-02	6.580201e-02	2.494387e-02	2.507910e-02	2.519494e-02	2.529675e-02	2.538902e-02	2.547614e-02	2.556260e-02	2.565296e-02	2.563123e-02	
2.422148e-02	6.532894e-02	2.461203e-02	2.451328e-02	2.441929e-02	2.432542e-02	2.422688e-02	2.411897e-02	2.399691e-02	2.385596e-02	2.385978e-02	
6.271147e-02	6.504805e-02	6.471809e-02	6.414498e-02	6.361774e-02	6.310960e-02	6.259553e-02	6.205110e-02	6.145131e-02	6.076938e-02	6.036574e-02	
2.313678e-02	2.349489e-02	2.351620e-02	2.341988e-02	2.332851e-02	2.323738e-02	2.314183e-02	2.303732e-02	2.291921e-02	2.278200e-02	6.007611e-02	
2.204006e-02	2.166798e-02	2.166293e-02	2.180517e-02	2.192885e-02	2.203885e-02	2.214009e-02	2.223739e-02	2.233567e-02	2.243977e-02	5.958823e-02	
5.689289e-02	5.447898e-02	5.488975e-02	5.558473e-02	5.619749e-02	5.675556e-02	5.728470e-02	5.781005e-02	5.835737e-02	5.895422e-02	5.929855e-02	
2.092356e-02	5.418142e-02	2.055609e-02	2.069488e-02	2.081491e-02	2.092180e-02	2.102035e-02	2.111522e-02	2.121123e-02	2.131321e-02	2.129239e-02	
1.979680e-02	5.368018e-02	2.020450e-02	2.009536e-02	1.999308e-02	1.989264e-02	1.978900e-02	1.967724e-02	1.955231e-02	1.940920e-02	1.941546e-02	
5.091500e-02	5.338257e-02	5.302490e-02	5.240609e-02	5.184032e-02	5.129933e-02	5.075670e-02	5.018664e-02	4.956276e-02	4.885679e-02	4.844011e-02	
1.865184e-02	1.903030e-02	1.905056e-02	1.894321e-02	1.884286e-02	1.874453e-02	1.864329e-02	1.853433e-02	1.841273e-02	1.827279e-02	4.813550e-02	
1.749841e-02	1.710894e-02	1.710149e-02	1.724503e-02	1.737084e-02	1.748404e-02	1.758977e-02	1.769305e-02	1.779902e-02	1.791287e-02	4.762239e-02	
4.479563e-02	4.226713e-02	4.268848e-02	4.340332e-02	4.403647e-02	4.461682e-02	4.517132e-02	4.572635e-02	4.630888e-02	4.694780e-02	4.731775e-02	
1.632839e-02	4.195638e-02	1.593889e-02	1.607957e-02	1.620237e-02	1.631307e-02	1.641671e-02	1.651821e-02	1.662261e-02	1.673500e-02	1.671535e-02	
1.515174e-02	4.143294e-02	1.557172e-02	1.545350e-02	1.534415e-02	1.523833e-02	1.513084e-02	1.501654e-02	1.489022e-02	1.474668e-02	1.475530e-02	
3.855300e-02	4.112216e-02	4.074104e-02	4.008391e-02	3.948636e-02	3.891896e-02	3.835423e-02	3.776533e-02	3.712479e-02	3.640320e-02	3.597843e-02	
1.396014e-02	1.435445e-02	1.437343e-02	1.425633e-02	1.414819e-02	1.404384e-02	1.393812e-02	1.382601e-02	1.370236e-02	1.356135e-02	3.566247e-02	
1.276375e-02	1.236152e-02	1.235176e-02	1.249490e-02	1.262136e-02	1.273643e-02	1.284539e-02	1.295341e-02	1.306581e-02	1.318803e-02	3.513025e-02	
3.220569e-02	2.959268e-02	3.001962e-02	3.074587e-02	3.139193e-02	3.198768e-02	3.256097e-02	3.313906e-02	3.374982e-02	3.442315e-02	3.481427e-02	
1.155415e-02	2.927244e-02	1.114720e-02	1.128815e-02	1.141237e-02	1.152567e-02	1.163324e-02	1.174018e-02	1.185168e-02	1.197301e-02	1.195469e-02	
1.034163e-02	2.873303e-02	1.076878e-02	1.064300e-02	1.052812e-02	1.041849e-02	1.030864e-02	1.019324e-02	1.006690e-02	9.924279e-03	9.934959e-03	
2.577280e-02	2.841277e-02	2.801250e-02	2.732522e-02	2.670387e-02	2.611783e-02	2.553852e-02	2.493804e-02	2.428800e-02	2.355819e-02	2.312960e-02	
9.114408e-03	9.517378e-03	9.533946e-03	9.410952e-03	9.299647e-03	9.193956e-03	9.087867e-03	8.975506e-03	8.850869e-03	8.707331e-03	2.280601e-02	
7.882907e-03	7.463925e-03	7.450900e-03	7.599069e-03	7.733981e-03	7.859089e-03	7.977939e-03	8.093955e-03	8.210564e-03	8.331191e-03	2.226096e-02	
1.923922e-02	1.653155e-02	1.696554e-02	1.771967e-02	1.840355e-02	1.904101e-02	1.965412e-02	2.026430e-02	2.089313e-02	2.156322e-02	2.193735e-02	
6.751921e-03	1.620060e-02	6.109144e-03	6.298441e-03	6.490174e-03	6.670628e-03	6.844343e-03	7.017251e-03	7.195584e-03	7.386039e-03	7.316383e-03	
5.730932e-03	1.564315e-02	5.516339e-03	5.516389e-03	5.575360e-03	5.635385e-03	5.693555e-03	5.751520e-03	5.811674e-03	5.879857e-03	5.854741e-03	
1.381823e-02	1.531219e-02	1.381652e-02	1.357296e-02	1.355347e-02	1.355254e-02	1.355314e-02	1.355398e-02	1.355628e-02	1.357583e-02	1.369109e-02	
