2.131786e-12	
2.110390e-12	
2.088994e-12	
2.067598e-12	
2.046202e-12	
2.024805e-12	
2.003409e-12	
1.982013e-12	
1.960617e-12	
1.939221e-12	
1.917824e-12	
1.896428e-12	
1.875032e-12	
1.853636e-12	
1.832240e-12	
1.810844e-12	
1.789447e-12	
1.768051e-12	
1.746655e-12	
1.725259e-12	
1.703863e-12	
1.682466e-12	
1.661070e-12	
1.639674e-12	
1.618278e-12	
1.596882e-12	
1.575486e-12	
1.554089e-12	
1.532693e-12	
1.511297e-12	
1.489901e-12	
1.468505e-12	
1.447109e-12	
1.425712e-12	
1.404316e-12	
1.382920e-12	
1.361524e-12	
1.340128e-12	
1.318731e-12	
1.297335e-12	
1.275939e-12	
1.254543e-12	
1.233147e-12	
1.211751e-12	
1.190354e-12	
1.168958e-12	
1.147562e-12	
1.126166e-12	
1.104770e-12	
1.083373e-12	
1.061977e-12	
1.040581e-12	
1.019185e-12	
9.977888e-13	
9.763926e-13	
9.549964e-13	
9.336002e-13	
9.122041e-13	
8.908079e-13	
8.694117e-13	
8.480155e-13	
8.266194e-13	
8.052232e-13	
7.838270e-13	
7.624308e-13	
7.410347e-13	
7.196385e-13	
6.982423e-13	
6.768462e-13	
6.554500e-13	
6.340538e-13	
6.126576e-13	
5.912615e-13	
5.698653e-13	
5.484691e-13	
5.270730e-13	
5.056768e-13	
4.842806e-13	
4.628845e-13	
4.414883e-13	
4.200921e-13	
3.986959e-13	
3.772998e-13	
3.559036e-13	
3.345074e-13	
3.131113e-13	
2.917151e-13	
2.703189e-13	
2.489228e-13	
2.275266e-13	
2.061304e-13	
1.847343e-13	
1.633381e-13	
1.419420e-13	
1.205458e-13	
9.914963e-14	
7.775346e-14	
5.635730e-14	
3.496114e-14	
1.356498e-14	
