9.713283e-03	9.720079e-03	9.726484e-03	9.728279e-03	9.728574e-03	9.728652e-03	9.728668e-03	9.728458e-03	9.726661e-03	9.713399e-03	9.664481e-03	
3.649151e-03	3.645850e-03	3.645995e-03	3.649204e-03	3.651676e-03	3.653825e-03	3.655770e-03	3.657533e-03	3.658792e-03	3.656715e-03	9.653879e-03	
3.615584e-03	3.597062e-03	3.595909e-03	3.604196e-03	3.611370e-03	3.617747e-03	3.623559e-03	3.628999e-03	3.634144e-03	3.638199e-03	9.636016e-03	
9.535063e-03	9.443941e-03	9.460859e-03	9.489660e-03	9.514891e-03	9.537379e-03	9.557893e-03	9.577173e-03	9.595960e-03	9.615045e-03	9.625408e-03	
3.576993e-03	9.432559e-03	3.564044e-03	3.570319e-03	3.575606e-03	3.580086e-03	3.583881e-03	3.587103e-03	3.589861e-03	3.592268e-03	3.590835e-03	
3.533695e-03	9.413385e-03	3.550787e-03	3.547765e-03	3.544583e-03	3.541056e-03	3.536962e-03	3.532082e-03	3.526187e-03	3.519054e-03	3.518652e-03	
9.305346e-03	9.401998e-03	9.390548e-03	9.370075e-03	9.350413e-03	9.330452e-03	9.309147e-03	9.285476e-03	9.258389e-03	9.226764e-03	9.207746e-03	
3.488594e-03	3.503336e-03	3.504751e-03	3.502117e-03	3.499265e-03	3.496002e-03	3.492137e-03	3.487483e-03	3.481849e-03	3.474977e-03	9.195460e-03	
3.442068e-03	3.425836e-03	3.426138e-03	3.433633e-03	3.439908e-03	3.445177e-03	3.449656e-03	3.453557e-03	3.457097e-03	3.460459e-03	9.174762e-03	
9.058501e-03	8.953626e-03	8.973631e-03	9.007002e-03	9.035725e-03	9.060994e-03	9.083923e-03	9.105603e-03	9.127149e-03	9.149756e-03	9.162471e-03	
3.393690e-03	8.940470e-03	3.378838e-03	3.386003e-03	3.391927e-03	3.396877e-03	3.401057e-03	3.404666e-03	3.407908e-03	3.410990e-03	3.409565e-03	
3.343869e-03	8.918307e-03	3.363293e-03	3.359497e-03	3.355591e-03	3.351374e-03	3.346614e-03	3.341086e-03	3.334558e-03	3.326802e-03	3.326573e-03	
8.794172e-03	8.905146e-03	8.891176e-03	8.866460e-03	8.843076e-03	8.819749e-03	8.795287e-03	8.768527e-03	8.738280e-03	8.703273e-03	8.682334e-03	
3.292256e-03	3.309212e-03	3.310637e-03	3.307103e-03	3.303477e-03	3.299534e-03	3.295058e-03	3.289835e-03	3.283648e-03	3.276215e-03	8.668346e-03	
3.239286e-03	3.220975e-03	3.221127e-03	3.229116e-03	3.235877e-03	3.241650e-03	3.246678e-03	3.251202e-03	3.255466e-03	3.259686e-03	8.644782e-03	
8.513136e-03	8.394661e-03	8.416471e-03	8.453010e-03	8.484691e-03	8.512863e-03	8.538787e-03	8.563696e-03	8.588851e-03	8.615605e-03	8.630789e-03	
3.184588e-03	8.379882e-03	3.167404e-03	3.175083e-03	3.181516e-03	3.186996e-03	3.191755e-03	3.196020e-03	3.200021e-03	3.203996e-03	3.202576e-03	
3.128623e-03	8.354985e-03	3.149941e-03	3.145307e-03	3.140699e-03	3.135881e-03	3.130598e-03	3.124599e-03	3.117626e-03	3.109426e-03	3.109351e-03	
8.216213e-03	8.340202e-03	8.323847e-03	8.295134e-03	8.268281e-03	8.241864e-03	8.214553e-03	8.185051e-03	8.152029e-03	8.114066e-03	8.091447e-03	
3.071001e-03	3.089968e-03	3.091379e-03	3.086974e-03	3.082610e-03	3.078036e-03	3.073008e-03	3.067286e-03	3.060627e-03	3.052724e-03	8.075921e-03	
3.012206e-03	2.992028e-03	2.992026e-03	3.000412e-03	3.007577e-03	3.013786e-03	3.019308e-03	3.024404e-03	3.029345e-03	3.034378e-03	8.049765e-03	
7.904272e-03	7.773580e-03	7.796941e-03	7.836218e-03	7.870484e-03	7.901230e-03	7.929847e-03	7.957695e-03	7.986168e-03	8.016757e-03	8.034234e-03	
2.951827e-03	7.757351e-03	2.932510e-03	2.940614e-03	2.947481e-03	2.953427e-03	2.958709e-03	2.963579e-03	2.968294e-03	2.973115e-03	2.971718e-03	
2.890373e-03	7.730013e-03	2.913335e-03	2.907918e-03	2.902660e-03	2.897298e-03	2.891554e-03	2.885153e-03	2.877817e-03	2.869270e-03	2.869349e-03	
7.578225e-03	7.713780e-03	7.695231e-03	7.662857e-03	7.632848e-03	7.603650e-03	7.573810e-03	7.541911e-03	7.506500e-03	7.466024e-03	7.441989e-03	
2.827415e-03	2.848171e-03	2.849551e-03	2.844328e-03	2.839276e-03	2.834124e-03	2.828603e-03	2.822450e-03	2.815396e-03	2.807115e-03	7.425106e-03	
2.763482e-03	2.741672e-03	2.741517e-03	2.750201e-03	2.757686e-03	2.764260e-03	2.770210e-03	2.775821e-03	2.781381e-03	2.787166e-03	7.396664e-03	
7.239025e-03	7.097644e-03	7.122282e-03	7.163839e-03	7.200291e-03	7.233251e-03	7.264226e-03	7.294688e-03	7.326145e-03	7.360211e-03	7.379777e-03	
2.698128e-03	7.080155e-03	2.676905e-03	2.685338e-03	2.692558e-03	2.698901e-03	2.704645e-03	2.710064e-03	2.715437e-03	2.721048e-03	2.719689e-03	
2.631902e-03	7.050694e-03	2.656240e-03	2.650103e-03	2.644258e-03	2.638415e-03	2.632276e-03	2.625549e-03	2.617936e-03	2.609141e-03	2.609372e-03	
6.887664e-03	7.033201e-03	7.012676e-03	6.977018e-03	6.944205e-03	6.912567e-03	6.880547e-03	6.846623e-03	6.809236e-03	6.766720e-03	6.741551e-03	
2.564344e-03	2.586648e-03	2.587981e-03	2.581999e-03	2.576320e-03	2.570650e-03	2.564700e-03	2.558187e-03	2.550821e-03	2.542260e-03	6.723507e-03	
2.496020e-03	2.472834e-03	2.472527e-03	2.481408e-03	2.489127e-03	2.495988e-03	2.502297e-03	2.508356e-03	2.514470e-03	2.520941e-03	6.693112e-03	
6.525168e-03	6.374750e-03	6.400377e-03	6.443729e-03	6.481941e-03	6.516730e-03	6.549702e-03	6.582422e-03	6.616495e-03	6.653641e-03	6.675066e-03	
2.426454e-03	6.356204e-03	2.403573e-03	2.412238e-03	2.419728e-03	2.426392e-03	2.432531e-03	2.438435e-03	2.444404e-03	2.450739e-03	2.449435e-03	
2.356231e-03	6.324965e-03	2.381662e-03	2.374876e-03	2.368511e-03	2.362255e-03	2.355793e-03	2.348819e-03	2.341017e-03	2.332076e-03	2.332458e-03	
6.152597e-03	6.306417e-03	6.284155e-03	6.245630e-03	6.210396e-03	6.176689e-03	6.142862e-03	6.107309e-03	6.068383e-03	6.024323e-03	5.998312e-03	
2.284862e-03	2.308452e-03	2.309723e-03	2.303053e-03	2.296813e-03	2.290691e-03	2.284382e-03	2.277585e-03	2.269993e-03	2.261251e-03	5.979319e-03	
2.212945e-03	2.188653e-03	2.188198e-03	2.197172e-03	2.205034e-03	2.212102e-03	2.218698e-03	2.225133e-03	2.231730e-03	2.238810e-03	5.947326e-03	
5.771037e-03	5.613337e-03	5.639655e-03	5.684295e-03	5.723822e-03	5.760035e-03	5.794618e-03	5.829214e-03	5.865506e-03	5.905297e-03	5.928330e-03	
2.139979e-03	5.593952e-03	2.115707e-03	2.124502e-03	2.132174e-03	2.139083e-03	2.145545e-03	2.151866e-03	2.158360e-03	2.165345e-03	2.164110e-03	
2.066578e-03	5.561298e-03	2.092804e-03	2.085449e-03	2.078640e-03	2.072044e-03	2.065334e-03	2.058193e-03	2.050294e-03	2.041312e-03	2.041839e-03	
5.381603e-03	5.541911e-03	5.518173e-03	5.477232e-03	5.439988e-03	5.404605e-03	5.369367e-03	5.332599e-03	5.292587e-03	5.247496e-03	5.220947e-03	
1.992229e-03	2.016831e-03	2.018025e-03	2.010746e-03	2.004017e-03	1.997516e-03	1.990922e-03	1.983920e-03	1.976190e-03	1.967368e-03	5.201226e-03	
1.917558e-03	1.892444e-03	1.891845e-03	1.900810e-03	1.908725e-03	1.915919e-03	1.922723e-03	1.929461e-03	1.936463e-03	1.944069e-03	5.168008e-03	
4.985428e-03	4.822282e-03	4.848986e-03	4.894400e-03	4.934783e-03	4.972001e-03	5.007794e-03	5.043862e-03	5.081947e-03	5.123914e-03	5.148285e-03	
1.842044e-03	4.802283e-03	1.816662e-03	1.825487e-03	1.833258e-03	1.840339e-03	1.847053e-03	1.853718e-03	1.860658e-03	1.868203e-03	1.867048e-03	
1.766322e-03	4.768595e-03	1.793030e-03	1.785199e-03	1.778040e-03	1.771199e-03	1.764334e-03	1.757114e-03	1.749201e-03	1.740260e-03	1.740915e-03	
4.583679e-03	4.748595e-03	4.723642e-03	4.680785e-03	4.642020e-03	4.605436e-03	4.569246e-03	4.531707e-03	4.491046e-03	4.445375e-03	4.418548e-03	
1.689662e-03	1.714832e-03	1.715880e-03	1.708229e-03	1.701298e-03	1.694708e-03	1.688083e-03	1.681057e-03	1.673253e-03	1.664258e-03	4.398326e-03	
1.612706e-03	1.586512e-03	1.585711e-03	1.595006e-03	1.603462e-03	1.611295e-03	1.618727e-03	1.625971e-03	1.633243e-03	1.640755e-03	4.364265e-03	
4.175384e-03	4.006114e-03	4.033300e-03	4.080524e-03	4.123329e-03	4.163205e-03	4.201533e-03	4.239650e-03	4.278905e-03	4.320711e-03	4.344043e-03	
1.542019e-03	3.985419e-03	1.501853e-03	1.513709e-03	1.525710e-03	1.536997e-03	1.547856e-03	1.558657e-03	1.569789e-03	1.581671e-03	1.577305e-03	
1.478185e-03	3.950560e-03	1.464776e-03	1.464786e-03	1.468477e-03	1.472231e-03	1.475867e-03	1.479488e-03	1.483243e-03	1.487497e-03	1.485925e-03	
3.836442e-03	3.929864e-03	3.836336e-03	3.821105e-03	3.819886e-03	3.819828e-03	3.819866e-03	3.819918e-03	3.820062e-03	3.821284e-03	3.828492e-03	
