2.691032e-01	2.693807e-01	2.696423e-01	2.697156e-01	2.697276e-01	2.697308e-01	2.697315e-01	2.697229e-01	2.696495e-01	2.691079e-01	2.671102e-01	
1.009680e-01	1.008331e-01	1.008391e-01	1.009701e-01	1.010710e-01	1.011588e-01	1.012383e-01	1.013103e-01	1.013617e-01	1.012769e-01	2.666772e-01	
9.959712e-02	9.884067e-02	9.879357e-02	9.913196e-02	9.942495e-02	9.968536e-02	9.992271e-02	1.001449e-01	1.003550e-01	1.005207e-01	2.659477e-01	
2.618250e-01	2.581038e-01	2.587946e-01	2.599707e-01	2.610010e-01	2.619193e-01	2.627570e-01	2.635444e-01	2.643117e-01	2.650912e-01	2.655145e-01	
9.802102e-02	2.576390e-01	9.749215e-02	9.774839e-02	9.796424e-02	9.814721e-02	9.830219e-02	9.843378e-02	9.854649e-02	9.864483e-02	9.858634e-02	
9.625286e-02	2.568560e-01	9.695078e-02	9.682729e-02	9.669729e-02	9.655325e-02	9.638608e-02	9.618681e-02	9.594616e-02	9.565497e-02	9.563858e-02	
2.524443e-01	2.563910e-01	2.559233e-01	2.550870e-01	2.542840e-01	2.534687e-01	2.525988e-01	2.516322e-01	2.505263e-01	2.492352e-01	2.484588e-01	
9.441103e-02	9.501307e-02	9.507082e-02	9.496313e-02	9.484657e-02	9.471325e-02	9.455540e-02	9.436540e-02	9.413541e-02	9.385489e-02	2.479571e-01	
9.251121e-02	9.184845e-02	9.186073e-02	9.216660e-02	9.242272e-02	9.263779e-02	9.282067e-02	9.298000e-02	9.312463e-02	9.326202e-02	2.471120e-01	
2.423649e-01	2.380829e-01	2.388994e-01	2.402615e-01	2.414340e-01	2.424656e-01	2.434018e-01	2.442872e-01	2.451672e-01	2.460906e-01	2.466101e-01	
9.053581e-02	2.375458e-01	8.992922e-02	9.022162e-02	9.046338e-02	9.066545e-02	9.083616e-02	9.098360e-02	9.111608e-02	9.124214e-02	9.118401e-02	
8.850169e-02	2.366409e-01	8.929450e-02	8.913935e-02	8.897977e-02	8.880756e-02	8.861326e-02	8.838765e-02	8.812127e-02	8.780486e-02	8.779561e-02	
2.315731e-01	2.361036e-01	2.355329e-01	2.345233e-01	2.335683e-01	2.326158e-01	2.316171e-01	2.305249e-01	2.292905e-01	2.278619e-01	2.270075e-01	
8.639449e-02	8.708674e-02	8.714481e-02	8.700029e-02	8.685206e-02	8.669102e-02	8.650826e-02	8.629510e-02	8.604264e-02	8.573938e-02	2.264365e-01	
8.423216e-02	8.348477e-02	8.349088e-02	8.381670e-02	8.409246e-02	8.432798e-02	8.453322e-02	8.471794e-02	8.489212e-02	8.506464e-02	2.254746e-01	
2.201012e-01	2.152655e-01	2.161552e-01	2.176458e-01	2.189384e-01	2.200881e-01	2.211462e-01	2.221632e-01	2.231904e-01	2.242831e-01	2.249034e-01	
8.199944e-02	2.146623e-01	8.129774e-02	8.161092e-02	8.187332e-02	8.209693e-02	8.229121e-02	8.246540e-02	8.262894e-02	8.279151e-02	8.273369e-02	
7.971535e-02	2.136462e-01	8.058500e-02	8.039562e-02	8.020735e-02	8.001067e-02	7.979510e-02	7.955040e-02	7.926608e-02	7.893183e-02	7.892889e-02	
2.079832e-01	2.130429e-01	2.123749e-01	2.112023e-01	2.101058e-01	2.090275e-01	2.079130e-01	2.067094e-01	2.053625e-01	2.038142e-01	2.028919e-01	
7.736376e-02	7.813782e-02	7.819523e-02	7.801509e-02	7.783671e-02	7.764990e-02	7.744468e-02	7.721129e-02	7.693974e-02	7.661757e-02	2.022584e-01	
7.496472e-02	7.414154e-02	7.414130e-02	7.448299e-02	7.477501e-02	7.502817e-02	7.525343e-02	7.546147e-02	7.566327e-02	7.586896e-02	2.011911e-01	
1.952553e-01	1.899236e-01	1.908759e-01	1.924772e-01	1.938744e-01	1.951284e-01	1.962958e-01	1.974323e-01	1.985947e-01	1.998437e-01	2.005574e-01	
7.250129e-02	1.892616e-01	7.171282e-02	7.204303e-02	7.232292e-02	7.256539e-02	7.278095e-02	7.297982e-02	7.317250e-02	7.336967e-02	7.331284e-02	
6.999446e-02	1.881464e-01	7.093058e-02	7.070921e-02	7.049448e-02	7.027568e-02	7.004142e-02	6.978055e-02	6.948170e-02	6.913360e-02	6.913700e-02	
1.819556e-01	1.874843e-01	1.867269e-01	1.854052e-01	1.841805e-01	1.829892e-01	1.817722e-01	1.804716e-01	1.790282e-01	1.773787e-01	1.763994e-01	
6.742653e-02	6.827316e-02	6.832923e-02	6.811562e-02	6.790921e-02	6.769887e-02	6.747363e-02	6.722279e-02	6.693540e-02	6.659814e-02	1.757109e-01	
6.481939e-02	6.393022e-02	6.392365e-02	6.427713e-02	6.458193e-02	6.484972e-02	6.509230e-02	6.532119e-02	6.554820e-02	6.578460e-02	1.745511e-01	
1.681237e-01	1.623596e-01	1.633630e-01	1.650559e-01	1.665410e-01	1.678844e-01	1.691473e-01	1.703898e-01	1.716733e-01	1.730637e-01	1.738625e-01	
6.215462e-02	1.616466e-01	6.128879e-02	6.163208e-02	6.192613e-02	6.218458e-02	6.241883e-02	6.264002e-02	6.285954e-02	6.308896e-02	6.303380e-02	
5.945495e-02	1.604457e-01	6.044638e-02	6.019566e-02	5.995704e-02	5.971873e-02	5.946856e-02	5.919464e-02	5.888481e-02	5.852702e-02	5.853673e-02	
1.538009e-01	1.597326e-01	1.588949e-01	1.574399e-01	1.561014e-01	1.548114e-01	1.535064e-01	1.521243e-01	1.506017e-01	1.488706e-01	1.478460e-01	
5.670131e-02	5.761041e-02	5.766448e-02	5.741994e-02	5.718796e-02	5.695659e-02	5.671403e-02	5.644874e-02	5.614892e-02	5.580061e-02	1.471108e-01	
5.391716e-02	5.297262e-02	5.295979e-02	5.332084e-02	5.363478e-02	5.391401e-02	5.417102e-02	5.441803e-02	5.466755e-02	5.493184e-02	1.458722e-01	
1.390299e-01	1.329021e-01	1.339448e-01	1.357089e-01	1.372644e-01	1.386811e-01	1.400243e-01	1.413580e-01	1.427474e-01	1.442627e-01	1.451369e-01	
5.108285e-02	1.321467e-01	5.014998e-02	5.050226e-02	5.080695e-02	5.107830e-02	5.132845e-02	5.156931e-02	5.181306e-02	5.207199e-02	5.201917e-02	
4.822253e-02	1.308743e-01	4.925743e-02	4.898036e-02	4.872069e-02	4.846571e-02	4.820263e-02	4.791892e-02	4.760181e-02	4.723859e-02	4.725449e-02	
1.238548e-01	1.301188e-01	1.292108e-01	1.276398e-01	1.262035e-01	1.248302e-01	1.234527e-01	1.220056e-01	1.204220e-01	1.186300e-01	1.175723e-01	
4.531601e-02	4.627675e-02	4.632816e-02	4.605561e-02	4.580084e-02	4.555120e-02	4.529420e-02	4.501762e-02	4.470895e-02	4.435375e-02	1.167990e-01	
4.238806e-02	4.139941e-02	4.138047e-02	4.174479e-02	4.206413e-02	4.235146e-02	4.261984e-02	4.288202e-02	4.315107e-02	4.344010e-02	1.154965e-01	
1.083209e-01	1.019024e-01	1.029719e-01	1.047864e-01	1.063936e-01	1.078667e-01	1.092743e-01	1.106832e-01	1.121620e-01	1.137840e-01	1.147232e-01	
3.941800e-02	1.011136e-01	3.842922e-02	3.878629e-02	3.909800e-02	3.937900e-02	3.964208e-02	3.989974e-02	4.016480e-02	4.045015e-02	4.040029e-02	
3.643115e-02	9.978490e-02	3.749719e-02	3.719706e-02	3.691945e-02	3.665084e-02	3.637797e-02	3.608787e-02	3.576726e-02	3.540293e-02	3.542484e-02	
9.247448e-02	9.899601e-02	9.802850e-02	9.636031e-02	9.484340e-02	9.340308e-02	9.196958e-02	9.047477e-02	8.884892e-02	8.701736e-02	8.593923e-02	
3.340640e-02	3.440731e-02	3.445547e-02	3.415817e-02	3.388365e-02	3.361874e-02	3.335037e-02	3.306580e-02	3.275196e-02	3.239407e-02	8.513721e-02	
3.036955e-02	2.934856e-02	2.932375e-02	2.968704e-02	3.000801e-02	3.030005e-02	3.057662e-02	3.085084e-02	3.113618e-02	3.144646e-02	8.378626e-02	
7.636277e-02	6.973012e-02	7.081374e-02	7.265703e-02	7.429686e-02	7.580900e-02	7.726421e-02	7.873162e-02	8.028204e-02	8.199129e-02	8.298418e-02	
2.729918e-02	6.891728e-02	2.626617e-02	2.662389e-02	2.693915e-02	2.722673e-02	2.749980e-02	2.777125e-02	2.805432e-02	2.836237e-02	2.831588e-02	
2.422147e-02	6.754809e-02	2.530563e-02	2.498630e-02	2.469468e-02	2.441639e-02	2.413756e-02	2.384469e-02	2.352405e-02	2.316210e-02	2.318923e-02	
6.003430e-02	6.673518e-02	6.571911e-02	6.397446e-02	6.239720e-02	6.090965e-02	5.943922e-02	5.791512e-02	5.626525e-02	5.441297e-02	5.332523e-02	
2.110646e-02	2.212930e-02	2.217133e-02	2.185908e-02	2.157651e-02	2.130822e-02	2.103893e-02	2.075375e-02	2.043742e-02	2.007315e-02	5.250390e-02	
1.798066e-02	1.691722e-02	1.688413e-02	1.726014e-02	1.760253e-02	1.792005e-02	1.822170e-02	1.851619e-02	1.881220e-02	1.911842e-02	5.112043e-02	
4.345076e-02	3.657828e-02	3.767971e-02	3.959365e-02	4.132932e-02	4.294723e-02	4.450342e-02	4.605220e-02	4.764839e-02	4.934933e-02	5.029906e-02	
1.511001e-02	3.573830e-02	1.347851e-02	1.395893e-02	1.444555e-02	1.490356e-02	1.534447e-02	1.578335e-02	1.623602e-02	1.671948e-02	1.654270e-02	
1.251860e-02	3.432343e-02	1.197392e-02	1.197403e-02	1.212370e-02	1.227605e-02	1.242369e-02	1.257082e-02	1.272351e-02	1.289659e-02	1.283285e-02	
2.969156e-02	3.348342e-02	2.968723e-02	2.906905e-02	2.901957e-02	2.901721e-02	2.901873e-02	2.902087e-02	2.902671e-02	2.907632e-02	2.936887e-02	
