2.131789e-12	
2.110390e-12	
2.088991e-12	
2.067592e-12	
2.046194e-12	
2.024795e-12	
2.003396e-12	
1.981998e-12	
1.960599e-12	
1.939200e-12	
1.917802e-12	
1.896403e-12	
1.875004e-12	
1.853606e-12	
1.832207e-12	
1.810808e-12	
1.789410e-12	
1.768011e-12	
1.746612e-12	
1.725214e-12	
1.703815e-12	
1.682416e-12	
1.661018e-12	
1.639619e-12	
1.618220e-12	
1.596822e-12	
1.575423e-12	
1.554024e-12	
1.532626e-12	
1.511227e-12	
1.489828e-12	
1.468430e-12	
1.447031e-12	
1.425632e-12	
1.404234e-12	
1.382835e-12	
1.361436e-12	
1.340038e-12	
1.318639e-12	
1.297240e-12	
1.275842e-12	
1.254443e-12	
1.233044e-12	
1.211646e-12	
1.190247e-12	
1.168848e-12	
1.147450e-12	
1.126051e-12	
1.104652e-12	
1.083254e-12	
1.061855e-12	
1.040456e-12	
1.019058e-12	
9.976592e-13	
9.762606e-13	
9.548620e-13	
9.334634e-13	
9.120647e-13	
8.906661e-13	
8.692675e-13	
8.478689e-13	
8.264703e-13	
8.050717e-13	
7.836731e-13	
7.622745e-13	
7.408759e-13	
7.194773e-13	
6.980787e-13	
6.766801e-13	
6.552815e-13	
6.338829e-13	
6.124843e-13	
5.910857e-13	
5.696871e-13	
5.482885e-13	
5.268900e-13	
5.054914e-13	
4.840928e-13	
4.626943e-13	
4.412957e-13	
4.198971e-13	
3.984986e-13	
3.771000e-13	
3.557015e-13	
3.343029e-13	
3.129044e-13	
2.915058e-13	
2.701073e-13	
2.487087e-13	
2.273102e-13	
2.059117e-13	
1.845132e-13	
1.631146e-13	
1.417161e-13	
1.203176e-13	
9.891909e-14	
7.752058e-14	
5.612208e-14	
3.472357e-14	
1.332508e-14	
