2.131788e-12	
2.110389e-12	
2.088989e-12	
2.067589e-12	
2.046189e-12	
2.024790e-12	
2.003390e-12	
1.981990e-12	
1.960590e-12	
1.939191e-12	
1.917791e-12	
1.896391e-12	
1.874991e-12	
1.853592e-12	
1.832192e-12	
1.810792e-12	
1.789393e-12	
1.767993e-12	
1.746593e-12	
1.725193e-12	
1.703794e-12	
1.682394e-12	
1.660994e-12	
1.639594e-12	
1.618195e-12	
1.596795e-12	
1.575395e-12	
1.553996e-12	
1.532596e-12	
1.511196e-12	
1.489796e-12	
1.468397e-12	
1.446997e-12	
1.425597e-12	
1.404198e-12	
1.382798e-12	
1.361398e-12	
1.339998e-12	
1.318599e-12	
1.297199e-12	
1.275799e-12	
1.254400e-12	
1.233000e-12	
1.211600e-12	
1.190201e-12	
1.168801e-12	
1.147401e-12	
1.126002e-12	
1.104602e-12	
1.083202e-12	
1.061803e-12	
1.040403e-12	
1.019003e-12	
9.976038e-13	
9.762042e-13	
9.548046e-13	
9.334049e-13	
9.120053e-13	
8.906057e-13	
8.692061e-13	
8.478065e-13	
8.264068e-13	
8.050072e-13	
7.836076e-13	
7.622080e-13	
7.408085e-13	
7.194089e-13	
6.980093e-13	
6.766097e-13	
6.552101e-13	
6.338106e-13	
6.124110e-13	
5.910115e-13	
5.696119e-13	
5.482124e-13	
5.268128e-13	
5.054133e-13	
4.840137e-13	
4.626142e-13	
4.412147e-13	
4.198152e-13	
3.984157e-13	
3.770162e-13	
3.556167e-13	
3.342172e-13	
3.128177e-13	
2.914182e-13	
2.700187e-13	
2.486192e-13	
2.272198e-13	
2.058203e-13	
1.844209e-13	
1.630214e-13	
1.416220e-13	
1.202225e-13	
9.882310e-14	
7.742367e-14	
5.602426e-14	
3.462484e-14	
1.322544e-14	
