4.267239e-01	4.271662e-01	4.275831e-01	4.276999e-01	4.277191e-01	4.277242e-01	4.277252e-01	4.277116e-01	4.275946e-01	4.267314e-01	4.235475e-01	
1.601043e-01	1.598894e-01	1.598988e-01	1.601077e-01	1.602685e-01	1.604085e-01	1.605351e-01	1.606498e-01	1.607317e-01	1.605966e-01	4.228574e-01	
1.579194e-01	1.567138e-01	1.566388e-01	1.571781e-01	1.576450e-01	1.580601e-01	1.584384e-01	1.587925e-01	1.591274e-01	1.593914e-01	4.216948e-01	
4.151242e-01	4.091934e-01	4.102944e-01	4.121687e-01	4.138108e-01	4.152744e-01	4.166096e-01	4.178645e-01	4.190874e-01	4.203297e-01	4.210044e-01	
1.554075e-01	4.084527e-01	1.545646e-01	1.549730e-01	1.553170e-01	1.556086e-01	1.558556e-01	1.560653e-01	1.562450e-01	1.564017e-01	1.563085e-01	
1.525894e-01	4.072047e-01	1.537018e-01	1.535050e-01	1.532978e-01	1.530682e-01	1.528018e-01	1.524842e-01	1.521006e-01	1.516365e-01	1.516104e-01	
4.001733e-01	4.064636e-01	4.057181e-01	4.043853e-01	4.031054e-01	4.018061e-01	4.004196e-01	3.988792e-01	3.971166e-01	3.950588e-01	3.938214e-01	
1.496540e-01	1.506135e-01	1.507055e-01	1.505339e-01	1.503481e-01	1.501356e-01	1.498841e-01	1.495813e-01	1.492147e-01	1.487676e-01	3.930219e-01	
1.466261e-01	1.455698e-01	1.455894e-01	1.460769e-01	1.464851e-01	1.468278e-01	1.471193e-01	1.473732e-01	1.476037e-01	1.478227e-01	3.916749e-01	
3.841092e-01	3.772846e-01	3.785859e-01	3.807568e-01	3.826255e-01	3.842696e-01	3.857618e-01	3.871728e-01	3.885753e-01	3.900471e-01	3.908750e-01	
1.434778e-01	3.764286e-01	1.425110e-01	1.429770e-01	1.433623e-01	1.436844e-01	1.439564e-01	1.441914e-01	1.444026e-01	1.446035e-01	1.445108e-01	
1.402358e-01	3.749864e-01	1.414994e-01	1.412521e-01	1.409978e-01	1.407233e-01	1.404136e-01	1.400541e-01	1.396295e-01	1.391252e-01	1.391105e-01	
3.669095e-01	3.741300e-01	3.732204e-01	3.716114e-01	3.700894e-01	3.685712e-01	3.669796e-01	3.652388e-01	3.632715e-01	3.609947e-01	3.596330e-01	
1.368774e-01	1.379807e-01	1.380733e-01	1.378429e-01	1.376067e-01	1.373500e-01	1.370588e-01	1.367190e-01	1.363167e-01	1.358333e-01	3.587230e-01	
1.334312e-01	1.322400e-01	1.322498e-01	1.327690e-01	1.332085e-01	1.335839e-01	1.339110e-01	1.342054e-01	1.344830e-01	1.347580e-01	3.571899e-01	
3.486259e-01	3.409190e-01	3.423370e-01	3.447127e-01	3.467727e-01	3.486050e-01	3.502914e-01	3.519122e-01	3.535494e-01	3.552910e-01	3.562795e-01	
1.298728e-01	3.399577e-01	1.287544e-01	1.292535e-01	1.296717e-01	1.300281e-01	1.303378e-01	1.306154e-01	1.308760e-01	1.311351e-01	1.310430e-01	
1.262325e-01	3.383383e-01	1.276185e-01	1.273166e-01	1.270166e-01	1.267031e-01	1.263596e-01	1.259696e-01	1.255164e-01	1.249837e-01	1.249790e-01	
3.293127e-01	3.373767e-01	3.363120e-01	3.344432e-01	3.326957e-01	3.309771e-01	3.292009e-01	3.272827e-01	3.251360e-01	3.226685e-01	3.211984e-01	
1.224846e-01	1.237183e-01	1.238098e-01	1.235227e-01	1.232384e-01	1.229406e-01	1.226135e-01	1.222416e-01	1.218088e-01	1.212953e-01	3.201888e-01	
1.186611e-01	1.173492e-01	1.173488e-01	1.178933e-01	1.183587e-01	1.187622e-01	1.191212e-01	1.194528e-01	1.197744e-01	1.201022e-01	3.184879e-01	
3.090277e-01	3.005302e-01	3.020479e-01	3.045999e-01	3.068267e-01	3.088252e-01	3.106859e-01	3.124972e-01	3.143497e-01	3.163404e-01	3.174779e-01	
1.147350e-01	2.994752e-01	1.134784e-01	1.140046e-01	1.144507e-01	1.148372e-01	1.151807e-01	1.154977e-01	1.158047e-01	1.161190e-01	1.160284e-01	
1.107398e-01	2.976979e-01	1.122317e-01	1.118789e-01	1.115366e-01	1.111879e-01	1.108146e-01	1.103988e-01	1.099225e-01	1.093678e-01	1.093732e-01	
2.878313e-01	2.966426e-01	2.954355e-01	2.933290e-01	2.913771e-01	2.894785e-01	2.875389e-01	2.854661e-01	2.831657e-01	2.805369e-01	2.789761e-01	
1.066471e-01	1.079964e-01	1.080858e-01	1.077453e-01	1.074164e-01	1.070811e-01	1.067222e-01	1.063224e-01	1.058644e-01	1.053269e-01	2.778788e-01	
1.024920e-01	1.010749e-01	1.010644e-01	1.016278e-01	1.021135e-01	1.025403e-01	1.029269e-01	1.032917e-01	1.036535e-01	1.040303e-01	2.760304e-01	
2.657868e-01	2.566003e-01	2.581995e-01	2.608974e-01	2.632644e-01	2.654053e-01	2.674180e-01	2.693982e-01	2.714439e-01	2.736599e-01	2.749329e-01	
9.824508e-02	2.554640e-01	9.686516e-02	9.741226e-02	9.788089e-02	9.829279e-02	9.866613e-02	9.901864e-02	9.936851e-02	9.973416e-02	9.964627e-02	
9.394253e-02	2.535500e-01	9.552257e-02	9.512298e-02	9.474268e-02	9.436288e-02	9.396418e-02	9.352763e-02	9.303386e-02	9.246364e-02	9.247913e-02	
2.429601e-01	2.524136e-01	2.510785e-01	2.487596e-01	2.466264e-01	2.445704e-01	2.424906e-01	2.402879e-01	2.378614e-01	2.351025e-01	2.334696e-01	
8.955395e-02	9.100282e-02	9.108899e-02	9.069924e-02	9.032952e-02	8.996077e-02	8.957419e-02	8.915139e-02	8.867357e-02	8.811848e-02	2.322978e-01	
8.511679e-02	8.361146e-02	8.359101e-02	8.416640e-02	8.466672e-02	8.511172e-02	8.552133e-02	8.591500e-02	8.631267e-02	8.673389e-02	2.303239e-01	
2.194192e-01	2.096531e-01	2.113149e-01	2.141264e-01	2.166053e-01	2.188631e-01	2.210039e-01	2.231294e-01	2.253438e-01	2.277588e-01	2.291519e-01	
8.059968e-02	2.084493e-01	7.911294e-02	7.967436e-02	8.015995e-02	8.059239e-02	8.099107e-02	8.137494e-02	8.176341e-02	8.217609e-02	8.209192e-02	
7.604116e-02	2.064214e-01	7.769047e-02	7.724888e-02	7.683504e-02	7.642867e-02	7.600939e-02	7.555726e-02	7.505189e-02	7.447303e-02	7.449839e-02	
1.952344e-01	2.052174e-01	2.037702e-01	2.012665e-01	1.989775e-01	1.967887e-01	1.945934e-01	1.922872e-01	1.897634e-01	1.869075e-01	1.852219e-01	
7.140900e-02	7.294014e-02	7.302208e-02	7.258769e-02	7.218163e-02	7.178378e-02	7.137419e-02	7.093340e-02	7.044149e-02	6.987542e-02	1.839896e-01	
6.674271e-02	6.516710e-02	6.513692e-02	6.571751e-02	6.622642e-02	6.668433e-02	6.711205e-02	6.752990e-02	6.795868e-02	6.841933e-02	1.819137e-01	
1.704779e-01	1.602488e-01	1.619533e-01	1.648449e-01	1.674062e-01	1.697539e-01	1.719972e-01	1.742427e-01	1.765994e-01	1.791845e-01	1.806813e-01	
6.200932e-02	1.589917e-01	6.043349e-02	6.100253e-02	6.149929e-02	6.194711e-02	6.236638e-02	6.277703e-02	6.319947e-02	6.365426e-02	6.357480e-02	
5.724920e-02	1.568742e-01	5.894812e-02	5.846979e-02	5.802735e-02	5.759927e-02	5.716440e-02	5.670207e-02	5.619114e-02	5.561054e-02	5.564546e-02	
1.452236e-01	1.556169e-01	1.540750e-01	1.514163e-01	1.489988e-01	1.467034e-01	1.444188e-01	1.420366e-01	1.394455e-01	1.365266e-01	1.348085e-01	
5.242870e-02	5.402384e-02	5.410058e-02	5.362676e-02	5.318923e-02	5.276703e-02	5.233934e-02	5.188582e-02	5.138568e-02	5.081534e-02	1.335303e-01	
4.758892e-02	4.596180e-02	4.592226e-02	4.650119e-02	4.701269e-02	4.747810e-02	4.791886e-02	4.835589e-02	4.881064e-02	4.930515e-02	1.313773e-01	
1.195467e-01	1.089764e-01	1.107033e-01	1.136409e-01	1.162542e-01	1.186640e-01	1.209831e-01	1.233217e-01	1.257926e-01	1.285167e-01	1.300991e-01	
4.269574e-02	1.076810e-01	4.104944e-02	4.161951e-02	4.212192e-02	4.258022e-02	4.301541e-02	4.344803e-02	4.389916e-02	4.439012e-02	4.431604e-02	
3.779089e-02	1.054990e-01	3.951866e-02	3.900973e-02	3.854497e-02	3.810146e-02	3.765711e-02	3.719038e-02	3.667941e-02	3.610261e-02	3.614587e-02	
9.352455e-02	1.042035e-01	1.025842e-01	9.980372e-02	9.729005e-02	9.491938e-02	9.257601e-02	9.014713e-02	8.751784e-02	8.456602e-02	8.283258e-02	
3.282663e-02	3.445670e-02	3.452366e-02	3.402600e-02	3.357567e-02	3.314809e-02	3.271894e-02	3.226446e-02	3.176036e-02	3.117985e-02	8.152366e-02	
2.784519e-02	2.615044e-02	2.609770e-02	2.669690e-02	2.724252e-02	2.774852e-02	2.822925e-02	2.869856e-02	2.917031e-02	2.965835e-02	7.931890e-02	
6.709614e-02	5.614385e-02	5.789908e-02	6.094915e-02	6.371515e-02	6.629350e-02	6.877351e-02	7.124175e-02	7.378555e-02	7.649633e-02	7.800992e-02	
2.327038e-02	5.480523e-02	2.067033e-02	2.143592e-02	2.221141e-02	2.294130e-02	2.364397e-02	2.434340e-02	2.506481e-02	2.583528e-02	2.555358e-02	
1.914060e-02	5.255043e-02	1.827256e-02	1.827273e-02	1.851124e-02	1.875403e-02	1.898933e-02	1.922380e-02	1.946714e-02	1.974297e-02	1.964139e-02	
4.516890e-02	5.121175e-02	4.516200e-02	4.417685e-02	4.409799e-02	4.409423e-02	4.409665e-02	4.410006e-02	4.410938e-02	4.418844e-02	4.465466e-02	
