7.279877e-03	7.284189e-03	7.288253e-03	7.289392e-03	7.289579e-03	7.289629e-03	7.289639e-03	7.289506e-03	7.288366e-03	7.279951e-03	7.248913e-03	
2.736096e-03	2.734001e-03	2.734094e-03	2.736130e-03	2.737698e-03	2.739062e-03	2.740296e-03	2.741414e-03	2.742213e-03	2.740895e-03	7.242186e-03	
2.714798e-03	2.703046e-03	2.702315e-03	2.707573e-03	2.712125e-03	2.716171e-03	2.719858e-03	2.723310e-03	2.726574e-03	2.729147e-03	7.230852e-03	
7.166798e-03	7.108981e-03	7.119716e-03	7.137991e-03	7.154001e-03	7.168270e-03	7.181286e-03	7.193519e-03	7.205439e-03	7.217547e-03	7.224122e-03	
2.690313e-03	7.101759e-03	2.682097e-03	2.686079e-03	2.689434e-03	2.692277e-03	2.694684e-03	2.696728e-03	2.698478e-03	2.700005e-03	2.699095e-03	
2.662840e-03	7.089593e-03	2.673686e-03	2.671769e-03	2.669750e-03	2.667513e-03	2.664915e-03	2.661818e-03	2.658077e-03	2.653551e-03	2.653295e-03	
7.021041e-03	7.082368e-03	7.075104e-03	7.062116e-03	7.049641e-03	7.036976e-03	7.023458e-03	7.008437e-03	6.991249e-03	6.971180e-03	6.959111e-03	
2.634224e-03	2.643578e-03	2.644476e-03	2.642806e-03	2.640997e-03	2.638926e-03	2.636474e-03	2.633521e-03	2.629946e-03	2.625585e-03	6.951315e-03	
2.604701e-03	2.594401e-03	2.594594e-03	2.599351e-03	2.603334e-03	2.606677e-03	2.609519e-03	2.611995e-03	2.614240e-03	2.616372e-03	6.938181e-03	
6.864407e-03	6.797858e-03	6.810554e-03	6.831734e-03	6.849963e-03	6.865998e-03	6.880548e-03	6.894304e-03	6.907974e-03	6.922316e-03	6.930382e-03	
2.574004e-03	6.789509e-03	2.564581e-03	2.569129e-03	2.572889e-03	2.576030e-03	2.578683e-03	2.580972e-03	2.583028e-03	2.584982e-03	2.584078e-03	
2.542389e-03	6.775445e-03	2.554717e-03	2.552309e-03	2.549832e-03	2.547156e-03	2.544135e-03	2.540627e-03	2.536482e-03	2.531559e-03	2.531413e-03	
6.696669e-03	6.767093e-03	6.758231e-03	6.742551e-03	6.727715e-03	6.712912e-03	6.697388e-03	6.680405e-03	6.661207e-03	6.638986e-03	6.625695e-03	
2.509636e-03	2.520396e-03	2.521301e-03	2.519061e-03	2.516761e-03	2.514260e-03	2.511420e-03	2.508105e-03	2.504177e-03	2.499458e-03	6.616818e-03	
2.476020e-03	2.464398e-03	2.464496e-03	2.469569e-03	2.473861e-03	2.477525e-03	2.480717e-03	2.483587e-03	2.486292e-03	2.488969e-03	6.601863e-03	
6.518312e-03	6.443118e-03	6.456965e-03	6.480162e-03	6.500273e-03	6.518155e-03	6.534608e-03	6.550415e-03	6.566376e-03	6.583350e-03	6.592983e-03	
2.441306e-03	6.433738e-03	2.430402e-03	2.435278e-03	2.439362e-03	2.442841e-03	2.445861e-03	2.448566e-03	2.451104e-03	2.453624e-03	2.452722e-03	
2.405785e-03	6.417936e-03	2.419318e-03	2.416380e-03	2.413456e-03	2.410399e-03	2.407045e-03	2.403236e-03	2.398808e-03	2.393601e-03	2.393552e-03	
6.329852e-03	6.408553e-03	6.398177e-03	6.379959e-03	6.362919e-03	6.346153e-03	6.328818e-03	6.310089e-03	6.289124e-03	6.265019e-03	6.250656e-03	
2.369211e-03	2.381250e-03	2.382146e-03	2.379354e-03	2.376586e-03	2.373684e-03	2.370493e-03	2.366860e-03	2.362631e-03	2.357612e-03	6.240800e-03	
2.331889e-03	2.319079e-03	2.319079e-03	2.324406e-03	2.328957e-03	2.332900e-03	2.336406e-03	2.339640e-03	2.342775e-03	2.345967e-03	6.224197e-03	
6.131835e-03	6.048866e-03	6.063703e-03	6.088646e-03	6.110406e-03	6.129927e-03	6.148094e-03	6.165770e-03	6.183840e-03	6.203249e-03	6.214338e-03	
2.293560e-03	6.038563e-03	2.281300e-03	2.286448e-03	2.290809e-03	2.294585e-03	2.297938e-03	2.301028e-03	2.304019e-03	2.307075e-03	2.306187e-03	
2.254544e-03	6.021206e-03	2.269126e-03	2.265691e-03	2.262354e-03	2.258951e-03	2.255304e-03	2.251238e-03	2.246578e-03	2.241147e-03	2.241195e-03	
5.924833e-03	6.010900e-03	5.999130e-03	5.978585e-03	5.959539e-03	5.941004e-03	5.922058e-03	5.901800e-03	5.879309e-03	5.853599e-03	5.838331e-03	
2.214571e-03	2.227750e-03	2.228628e-03	2.225316e-03	2.222112e-03	2.218842e-03	2.215337e-03	2.211429e-03	2.206948e-03	2.201686e-03	5.827610e-03	
2.173975e-03	2.160125e-03	2.160028e-03	2.165548e-03	2.170305e-03	2.174481e-03	2.178260e-03	2.181821e-03	2.185350e-03	2.189019e-03	5.809550e-03	
5.709445e-03	5.619660e-03	5.635315e-03	5.661718e-03	5.684875e-03	5.705810e-03	5.725480e-03	5.744821e-03	5.764789e-03	5.786410e-03	5.798827e-03	
2.132474e-03	5.608553e-03	2.119001e-03	2.124361e-03	2.128949e-03	2.132978e-03	2.136626e-03	2.140065e-03	2.143473e-03	2.147031e-03	2.146166e-03	
2.090415e-03	5.589842e-03	2.105878e-03	2.101984e-03	2.098275e-03	2.094565e-03	2.090665e-03	2.086390e-03	2.081551e-03	2.075959e-03	2.076104e-03	
5.486293e-03	5.578732e-03	5.565705e-03	5.543070e-03	5.522238e-03	5.502148e-03	5.481810e-03	5.460257e-03	5.436501e-03	5.409482e-03	5.393485e-03	
2.047505e-03	2.061671e-03	2.062521e-03	2.058727e-03	2.055124e-03	2.051525e-03	2.047746e-03	2.043608e-03	2.038926e-03	2.033483e-03	5.382023e-03	
2.004104e-03	1.989374e-03	1.989182e-03	1.994830e-03	1.999738e-03	2.004099e-03	2.008108e-03	2.011955e-03	2.015836e-03	2.019941e-03	5.362715e-03	
5.256023e-03	5.160459e-03	5.176752e-03	5.204309e-03	5.228596e-03	5.250704e-03	5.271650e-03	5.292432e-03	5.314069e-03	5.337651e-03	5.351252e-03	
1.959911e-03	5.148676e-03	1.945380e-03	1.950890e-03	1.955652e-03	1.959888e-03	1.963788e-03	1.967536e-03	1.971323e-03	1.975341e-03	1.974510e-03	
1.915293e-03	5.128827e-03	1.931458e-03	1.927153e-03	1.923112e-03	1.919139e-03	1.915032e-03	1.910597e-03	1.905635e-03	1.899946e-03	1.900186e-03	
5.019298e-03	5.117042e-03	5.102908e-03	5.078446e-03	5.056068e-03	5.034655e-03	5.013160e-03	4.990561e-03	4.965813e-03	4.937797e-03	4.921256e-03	
1.869943e-03	1.884933e-03	1.885743e-03	1.881513e-03	1.877553e-03	1.873666e-03	1.869657e-03	1.865336e-03	1.860508e-03	1.854946e-03	4.909185e-03	
1.824238e-03	1.808797e-03	1.808511e-03	1.814224e-03	1.819226e-03	1.823722e-03	1.827914e-03	1.832003e-03	1.836191e-03	1.840685e-03	4.888852e-03	
4.776803e-03	4.676564e-03	4.693306e-03	4.721701e-03	4.746839e-03	4.769863e-03	4.791845e-03	4.813827e-03	4.836882e-03	4.862153e-03	4.876780e-03	
1.777862e-03	4.664241e-03	1.762441e-03	1.768039e-03	1.772920e-03	1.777313e-03	1.781420e-03	1.785434e-03	1.789556e-03	1.793987e-03	1.793199e-03	
1.731201e-03	4.643483e-03	1.747882e-03	1.743214e-03	1.738889e-03	1.734698e-03	1.730431e-03	1.725888e-03	1.720859e-03	1.715140e-03	1.715471e-03	
4.529237e-03	4.631159e-03	4.616081e-03	4.590074e-03	4.566409e-03	4.543920e-03	4.521516e-03	4.498132e-03	4.472677e-03	4.443986e-03	4.427090e-03	
1.683932e-03	1.699573e-03	1.700336e-03	1.695717e-03	1.691446e-03	1.687316e-03	1.683124e-03	1.678670e-03	1.673750e-03	1.668133e-03	4.414550e-03	
1.636450e-03	1.620477e-03	1.620100e-03	1.625812e-03	1.630852e-03	1.635431e-03	1.639759e-03	1.644042e-03	1.648489e-03	1.653318e-03	4.393427e-03	
4.277311e-03	4.173549e-03	4.190550e-03	4.219458e-03	4.245158e-03	4.268837e-03	4.291601e-03	4.314531e-03	4.338736e-03	4.365402e-03	4.380885e-03	
1.588425e-03	4.160828e-03	1.572291e-03	1.577913e-03	1.582861e-03	1.587367e-03	1.591636e-03	1.595871e-03	1.600278e-03	1.605066e-03	1.604327e-03	
1.540260e-03	4.139400e-03	1.557260e-03	1.552287e-03	1.547739e-03	1.543389e-03	1.539021e-03	1.534424e-03	1.529382e-03	1.523683e-03	1.524095e-03	
4.021759e-03	4.126677e-03	4.110821e-03	4.083582e-03	4.058938e-03	4.035672e-03	4.012648e-03	3.988757e-03	3.962870e-03	3.933786e-03	3.916699e-03	
1.491490e-03	1.507502e-03	1.508173e-03	1.503317e-03	1.498916e-03	1.494728e-03	1.490514e-03	1.486041e-03	1.481071e-03	1.475338e-03	3.903832e-03	
1.442522e-03	1.425851e-03	1.425346e-03	1.431273e-03	1.436663e-03	1.441652e-03	1.446383e-03	1.450991e-03	1.455612e-03	1.460383e-03	3.882158e-03	
3.761953e-03	3.654220e-03	3.671542e-03	3.701626e-03	3.728888e-03	3.754276e-03	3.778669e-03	3.802919e-03	3.827884e-03	3.854462e-03	3.869290e-03	
1.397539e-03	3.641047e-03	1.371982e-03	1.379536e-03	1.387179e-03	1.394365e-03	1.401276e-03	1.408147e-03	1.415226e-03	1.422780e-03	1.419997e-03	
1.356910e-03	3.618858e-03	1.348378e-03	1.348387e-03	1.350737e-03	1.353128e-03	1.355442e-03	1.357745e-03	1.360133e-03	1.362837e-03	1.361836e-03	
3.546216e-03	3.605684e-03	3.546148e-03	3.536453e-03	3.535677e-03	3.535640e-03	3.535664e-03	3.535698e-03	3.535789e-03	3.536567e-03	3.541155e-03	
