2.131786e-12	
2.110390e-12	
2.088994e-12	
2.067598e-12	
2.046202e-12	
2.024806e-12	
2.003410e-12	
1.982014e-12	
1.960618e-12	
1.939222e-12	
1.917826e-12	
1.896430e-12	
1.875034e-12	
1.853638e-12	
1.832242e-12	
1.810846e-12	
1.789450e-12	
1.768054e-12	
1.746658e-12	
1.725262e-12	
1.703866e-12	
1.682470e-12	
1.661074e-12	
1.639678e-12	
1.618282e-12	
1.596886e-12	
1.575490e-12	
1.554094e-12	
1.532698e-12	
1.511302e-12	
1.489906e-12	
1.468510e-12	
1.447114e-12	
1.425718e-12	
1.404322e-12	
1.382926e-12	
1.361530e-12	
1.340134e-12	
1.318738e-12	
1.297342e-12	
1.275946e-12	
1.254550e-12	
1.233154e-12	
1.211758e-12	
1.190362e-12	
1.168966e-12	
1.147569e-12	
1.126173e-12	
1.104777e-12	
1.083381e-12	
1.061985e-12	
1.040589e-12	
1.019193e-12	
9.977975e-13	
9.764014e-13	
9.550054e-13	
9.336094e-13	
9.122134e-13	
8.908174e-13	
8.694214e-13	
8.480254e-13	
8.266294e-13	
8.052334e-13	
7.838374e-13	
7.624414e-13	
7.410454e-13	
7.196494e-13	
6.982534e-13	
6.768574e-13	
6.554614e-13	
6.340654e-13	
6.126694e-13	
5.912734e-13	
5.698774e-13	
5.484814e-13	
5.270854e-13	
5.056894e-13	
4.842934e-13	
4.628974e-13	
4.415014e-13	
4.201054e-13	
3.987094e-13	
3.773134e-13	
3.559174e-13	
3.345214e-13	
3.131254e-13	
2.917294e-13	
2.703334e-13	
2.489374e-13	
2.275414e-13	
2.061454e-13	
1.847494e-13	
1.633534e-13	
1.419574e-13	
1.205614e-13	
9.916545e-14	
7.776946e-14	
5.637346e-14	
3.497747e-14	
1.358148e-14	
