6.916325e-02	6.923188e-02	6.929657e-02	6.931470e-02	6.931768e-02	6.931847e-02	6.931863e-02	6.931650e-02	6.929836e-02	6.916442e-02	6.867038e-02	
2.595411e-02	2.592076e-02	2.592223e-02	2.595464e-02	2.597960e-02	2.600131e-02	2.602096e-02	2.603876e-02	2.605147e-02	2.603051e-02	6.856331e-02	
2.561510e-02	2.542803e-02	2.541638e-02	2.550007e-02	2.557252e-02	2.563692e-02	2.569562e-02	2.575056e-02	2.580253e-02	2.584350e-02	6.838290e-02	
6.736336e-02	6.644310e-02	6.661394e-02	6.690478e-02	6.715957e-02	6.738667e-02	6.759386e-02	6.778858e-02	6.797833e-02	6.817109e-02	6.827577e-02	
2.522533e-02	6.632816e-02	2.509454e-02	2.515791e-02	2.521129e-02	2.525654e-02	2.529487e-02	2.532741e-02	2.535528e-02	2.537960e-02	2.536514e-02	
2.478806e-02	6.613452e-02	2.496066e-02	2.493012e-02	2.489798e-02	2.486235e-02	2.482101e-02	2.477173e-02	2.471222e-02	2.464020e-02	2.463615e-02	
6.504348e-02	6.601952e-02	6.590386e-02	6.569705e-02	6.549845e-02	6.529685e-02	6.508170e-02	6.484268e-02	6.456918e-02	6.424988e-02	6.405786e-02	
2.433258e-02	2.448146e-02	2.449574e-02	2.446911e-02	2.444029e-02	2.440732e-02	2.436829e-02	2.432130e-02	2.426442e-02	2.419505e-02	6.393380e-02	
2.386274e-02	2.369884e-02	2.370188e-02	2.377753e-02	2.384087e-02	2.389406e-02	2.393928e-02	2.397869e-02	2.401445e-02	2.404843e-02	6.372478e-02	
6.255082e-02	6.149185e-02	6.169378e-02	6.203065e-02	6.232062e-02	6.257575e-02	6.280728e-02	6.302622e-02	6.324384e-02	6.347221e-02	6.360067e-02	
2.337422e-02	6.135902e-02	2.322421e-02	2.329653e-02	2.335632e-02	2.340629e-02	2.344851e-02	2.348497e-02	2.351773e-02	2.354890e-02	2.353452e-02	
2.287117e-02	6.113523e-02	2.306724e-02	2.302888e-02	2.298941e-02	2.294683e-02	2.289877e-02	2.284298e-02	2.277709e-02	2.269884e-02	2.269655e-02	
5.988193e-02	6.100235e-02	6.086122e-02	6.061156e-02	6.037539e-02	6.013982e-02	5.989285e-02	5.962272e-02	5.931743e-02	5.896412e-02	5.875281e-02	
2.235004e-02	2.252124e-02	2.253561e-02	2.249987e-02	2.246322e-02	2.242339e-02	2.237820e-02	2.232548e-02	2.226304e-02	2.218804e-02	5.861160e-02	
2.181528e-02	2.163044e-02	2.163195e-02	2.171254e-02	2.178074e-02	2.183899e-02	2.188975e-02	2.193543e-02	2.197851e-02	2.202117e-02	5.837370e-02	
5.704479e-02	5.584886e-02	5.606891e-02	5.643758e-02	5.675727e-02	5.704160e-02	5.730329e-02	5.755479e-02	5.780883e-02	5.807905e-02	5.823245e-02	
2.126310e-02	5.569969e-02	2.108957e-02	2.116703e-02	2.123193e-02	2.128723e-02	2.133528e-02	2.137835e-02	2.141880e-02	2.145899e-02	2.144469e-02	
2.069821e-02	5.544840e-02	2.091330e-02	2.086647e-02	2.081991e-02	2.077127e-02	2.071796e-02	2.065743e-02	2.058711e-02	2.050444e-02	2.050371e-02	
5.404782e-02	5.529918e-02	5.513399e-02	5.484400e-02	5.457285e-02	5.430616e-02	5.403053e-02	5.373286e-02	5.339972e-02	5.301679e-02	5.278865e-02	
2.011663e-02	2.030806e-02	2.032227e-02	2.027772e-02	2.023361e-02	2.018742e-02	2.013666e-02	2.007894e-02	2.001177e-02	1.993209e-02	5.263197e-02	
1.952330e-02	1.931970e-02	1.931965e-02	1.940416e-02	1.947640e-02	1.953901e-02	1.959472e-02	1.964618e-02	1.969608e-02	1.974694e-02	5.236803e-02	
5.089997e-02	4.958130e-02	4.981684e-02	5.021290e-02	5.055848e-02	5.086863e-02	5.115737e-02	5.143845e-02	5.172590e-02	5.203479e-02	5.221130e-02	
1.891403e-02	4.941758e-02	1.871904e-02	1.880071e-02	1.886994e-02	1.892992e-02	1.898323e-02	1.903241e-02	1.908006e-02	1.912881e-02	1.911475e-02	
1.829403e-02	4.914176e-02	1.852557e-02	1.847083e-02	1.841773e-02	1.836361e-02	1.830567e-02	1.824115e-02	1.816722e-02	1.808112e-02	1.808195e-02	
4.761059e-02	4.897800e-02	4.879070e-02	4.846383e-02	4.816093e-02	4.786630e-02	4.756530e-02	4.724361e-02	4.688660e-02	4.647860e-02	4.623636e-02	
1.765891e-02	1.786830e-02	1.788218e-02	1.782936e-02	1.777831e-02	1.772629e-02	1.767059e-02	1.760854e-02	1.753746e-02	1.745403e-02	4.606608e-02	
1.701407e-02	1.679415e-02	1.679253e-02	1.687997e-02	1.695537e-02	1.702161e-02	1.708161e-02	1.713822e-02	1.719436e-02	1.725282e-02	4.577922e-02	
4.418949e-02	4.276379e-02	4.301201e-02	4.343074e-02	4.379811e-02	4.413038e-02	4.444274e-02	4.475005e-02	4.506749e-02	4.541136e-02	4.560889e-02	
1.635498e-02	4.258745e-02	1.614084e-02	1.622576e-02	1.629850e-02	1.636243e-02	1.642036e-02	1.647507e-02	1.652935e-02	1.658608e-02	1.657243e-02	
1.568724e-02	4.229040e-02	1.593248e-02	1.587048e-02	1.581146e-02	1.575252e-02	1.569064e-02	1.562289e-02	1.554624e-02	1.545772e-02	1.546012e-02	
4.064685e-02	4.211403e-02	4.190686e-02	4.154701e-02	4.121596e-02	4.089690e-02	4.057410e-02	4.023224e-02	3.985561e-02	3.942739e-02	3.917393e-02	
1.500614e-02	1.523100e-02	1.524438e-02	1.518391e-02	1.512655e-02	1.506933e-02	1.500933e-02	1.494371e-02	1.486954e-02	1.478337e-02	3.899207e-02	
1.431748e-02	1.408385e-02	1.408068e-02	1.417000e-02	1.424767e-02	1.431674e-02	1.438032e-02	1.444141e-02	1.450312e-02	1.456848e-02	3.868571e-02	
3.699324e-02	3.547748e-02	3.573543e-02	3.617185e-02	3.655662e-02	3.690706e-02	3.723932e-02	3.756920e-02	3.791286e-02	3.828762e-02	3.850382e-02	
1.361641e-02	3.529063e-02	1.338567e-02	1.347283e-02	1.354820e-02	1.361533e-02	1.367720e-02	1.373677e-02	1.379705e-02	1.386108e-02	1.384801e-02	
1.290888e-02	3.497588e-02	1.316489e-02	1.309637e-02	1.303215e-02	1.296908e-02	1.290400e-02	1.283382e-02	1.275536e-02	1.266549e-02	1.266942e-02	
3.323952e-02	3.478900e-02	3.456443e-02	3.417587e-02	3.382062e-02	3.348092e-02	3.314018e-02	3.278221e-02	3.239043e-02	3.194710e-02	3.168543e-02	
1.218991e-02	1.242756e-02	1.244029e-02	1.237289e-02	1.230988e-02	1.224814e-02	1.218457e-02	1.211615e-02	1.203978e-02	1.195190e-02	3.149416e-02	
1.146562e-02	1.122105e-02	1.121638e-02	1.130652e-02	1.138553e-02	1.145662e-02	1.152301e-02	1.158787e-02	1.165441e-02	1.172589e-02	3.117195e-02	
2.939688e-02	2.780910e-02	2.807370e-02	2.852262e-02	2.892023e-02	2.928466e-02	2.963287e-02	2.998139e-02	3.034717e-02	3.074836e-02	3.098065e-02	
1.073090e-02	2.761396e-02	1.048632e-02	1.057467e-02	1.065180e-02	1.072131e-02	1.078639e-02	1.085012e-02	1.091568e-02	1.098624e-02	1.097390e-02	
9.992013e-03	2.728526e-02	1.025576e-02	1.018153e-02	1.011287e-02	1.004642e-02	9.978917e-03	9.907139e-03	9.827808e-03	9.737652e-03	9.743063e-03	
2.547675e-02	2.709010e-02	2.685079e-02	2.643816e-02	2.606294e-02	2.570664e-02	2.535201e-02	2.498219e-02	2.457993e-02	2.412676e-02	2.386000e-02	
9.243731e-03	9.491342e-03	9.503265e-03	9.429745e-03	9.361848e-03	9.296322e-03	9.229933e-03	9.159527e-03	9.081873e-03	8.993314e-03	2.366159e-02	
8.492430e-03	8.239835e-03	8.233708e-03	8.323613e-03	8.403039e-03	8.475301e-03	8.543726e-03	8.611563e-03	8.682141e-03	8.758881e-03	2.332737e-02	
2.149080e-02	1.984986e-02	2.011800e-02	2.057410e-02	2.097984e-02	2.135397e-02	2.171399e-02	2.207701e-02	2.246054e-02	2.288334e-02	2.312894e-02	
7.732821e-03	1.964876e-02	7.477276e-03	7.565803e-03	7.643814e-03	7.714968e-03	7.782524e-03	7.849671e-03	7.919682e-03	7.995864e-03	7.984351e-03	
6.971370e-03	1.931001e-02	7.239633e-03	7.160651e-03	7.088516e-03	7.019670e-03	6.950682e-03	6.878210e-03	6.798858e-03	6.709276e-03	6.715977e-03	
1.745099e-02	1.910889e-02	1.885754e-02	1.842597e-02	1.803578e-02	1.766776e-02	1.730395e-02	1.692684e-02	1.651858e-02	1.606022e-02	1.579105e-02	
6.200674e-03	6.453738e-03	6.464148e-03	6.386923e-03	6.317034e-03	6.250666e-03	6.184043e-03	6.113477e-03	6.035196e-03	5.945042e-03	1.558783e-02	
5.427278e-03	5.164148e-03	5.155974e-03	5.249042e-03	5.333781e-03	5.412356e-03	5.486997e-03	5.559855e-03	5.633079e-03	5.708822e-03	1.524553e-02	
1.334782e-02	1.164735e-02	1.191993e-02	1.239358e-02	1.282309e-02	1.322344e-02	1.360849e-02	1.399168e-02	1.438658e-02	1.480736e-02	1.504230e-02	
4.717002e-03	1.143950e-02	4.313332e-03	4.432225e-03	4.552644e-03	4.665977e-03	4.775073e-03	4.883659e-03	4.995648e-03	5.115247e-03	5.071496e-03	
4.075796e-03	1.108941e-02	3.941029e-03	3.941064e-03	3.978101e-03	4.015799e-03	4.052331e-03	4.088733e-03	4.126508e-03	4.169325e-03	4.153550e-03	
9.943299e-03	1.088155e-02	9.942228e-03	9.789265e-03	9.777022e-03	9.776438e-03	9.776814e-03	9.777343e-03	9.778790e-03	9.791065e-03	9.863454e-03	
