2.131788e-12	
2.110391e-12	
2.088993e-12	
2.067596e-12	
2.046199e-12	
2.024802e-12	
2.003405e-12	
1.982007e-12	
1.960610e-12	
1.939213e-12	
1.917816e-12	
1.896418e-12	
1.875021e-12	
1.853624e-12	
1.832227e-12	
1.810829e-12	
1.789432e-12	
1.768035e-12	
1.746638e-12	
1.725241e-12	
1.703843e-12	
1.682446e-12	
1.661049e-12	
1.639652e-12	
1.618254e-12	
1.596857e-12	
1.575460e-12	
1.554063e-12	
1.532665e-12	
1.511268e-12	
1.489871e-12	
1.468474e-12	
1.447077e-12	
1.425679e-12	
1.404282e-12	
1.382885e-12	
1.361488e-12	
1.340090e-12	
1.318693e-12	
1.297296e-12	
1.275899e-12	
1.254501e-12	
1.233104e-12	
1.211707e-12	
1.190310e-12	
1.168913e-12	
1.147515e-12	
1.126118e-12	
1.104721e-12	
1.083324e-12	
1.061926e-12	
1.040529e-12	
1.019132e-12	
9.977348e-13	
9.763376e-13	
9.549404e-13	
9.335431e-13	
9.121459e-13	
8.907487e-13	
8.693515e-13	
8.479543e-13	
8.265571e-13	
8.051598e-13	
7.837626e-13	
7.623654e-13	
7.409682e-13	
7.195710e-13	
6.981738e-13	
6.767766e-13	
6.553794e-13	
6.339821e-13	
6.125849e-13	
5.911877e-13	
5.697905e-13	
5.483933e-13	
5.269961e-13	
5.055989e-13	
4.842017e-13	
4.628045e-13	
4.414073e-13	
4.200101e-13	
3.986129e-13	
3.772157e-13	
3.558185e-13	
3.344213e-13	
3.130241e-13	
2.916269e-13	
2.702297e-13	
2.488325e-13	
2.274353e-13	
2.060381e-13	
1.846409e-13	
1.632437e-13	
1.418465e-13	
1.204493e-13	
9.905215e-14	
7.765496e-14	
5.625777e-14	
3.486058e-14	
1.346340e-14	
