4.877894e+00	4.886527e+00	4.894664e+00	4.896928e+00	4.897290e+00	4.897383e+00	4.897400e+00	4.897135e+00	4.894861e+00	4.878025e+00	4.815886e+00	
1.816519e+00	1.812457e+00	1.812437e+00	1.815710e+00	1.818287e+00	1.820688e+00	1.823055e+00	1.825409e+00	1.827338e+00	1.825323e+00	4.802415e+00	
1.774698e+00	1.752004e+00	1.749610e+00	1.757750e+00	1.765200e+00	1.772330e+00	1.779411e+00	1.786671e+00	1.794199e+00	1.801056e+00	4.779726e+00	
4.655634e+00	4.545307e+00	4.561154e+00	4.589350e+00	4.615573e+00	4.640757e+00	4.665792e+00	4.691559e+00	4.718965e+00	4.749000e+00	4.766255e+00	
1.728426e+00	4.532016e+00	1.710381e+00	1.715582e+00	1.720512e+00	1.725320e+00	1.730146e+00	1.735131e+00	1.740419e+00	1.746155e+00	1.745512e+00	
1.677913e+00	4.509630e+00	1.694933e+00	1.689277e+00	1.684304e+00	1.679744e+00	1.675351e+00	1.670880e+00	1.666084e+00	1.660714e+00	1.661280e+00	
4.387379e+00	4.496340e+00	4.479138e+00	4.449747e+00	4.423415e+00	4.398891e+00	4.375003e+00	4.350597e+00	4.324494e+00	4.295430e+00	4.278434e+00	
1.627444e+00	1.644177e+00	1.644732e+00	1.639163e+00	1.634171e+00	1.629533e+00	1.625029e+00	1.620440e+00	1.615542e+00	1.610094e+00	4.265168e+00	
1.577249e+00	1.560558e+00	1.559936e+00	1.565328e+00	1.570201e+00	1.574777e+00	1.579273e+00	1.583902e+00	1.588881e+00	1.594449e+00	4.242822e+00	
4.120807e+00	4.012095e+00	4.028990e+00	4.057919e+00	4.083942e+00	4.108305e+00	4.132173e+00	4.156683e+00	4.182998e+00	4.212365e+00	4.229555e+00	
1.527007e+00	3.998864e+00	1.509665e+00	1.515075e+00	1.519954e+00	1.524536e+00	1.529041e+00	1.533684e+00	1.538683e+00	1.544260e+00	1.543711e+00	
1.476944e+00	3.976577e+00	1.494065e+00	1.488490e+00	1.483513e+00	1.478895e+00	1.474418e+00	1.469869e+00	1.465030e+00	1.459680e+00	1.460308e+00	
3.854925e+00	3.963346e+00	3.946162e+00	3.916818e+00	3.890540e+00	3.866084e+00	3.842290e+00	3.818024e+00	3.792125e+00	3.763350e+00	3.746551e+00	
1.426858e+00	1.443513e+00	1.444049e+00	1.438462e+00	1.433459e+00	1.428821e+00	1.424328e+00	1.419767e+00	1.414918e+00	1.409548e+00	3.733365e+00	
1.376970e+00	1.360400e+00	1.359765e+00	1.365067e+00	1.369870e+00	1.374391e+00	1.378849e+00	1.383455e+00	1.388427e+00	1.394002e+00	3.711155e+00	
3.589960e+00	3.482007e+00	3.498700e+00	3.527304e+00	3.553062e+00	3.577214e+00	3.600916e+00	3.625299e+00	3.651517e+00	3.680811e+00	3.697970e+00	
1.327081e+00	3.468877e+00	1.309818e+00	1.315146e+00	1.319963e+00	1.324500e+00	1.328977e+00	1.333606e+00	1.338607e+00	1.344197e+00	1.343673e+00	
1.277404e+00	3.446761e+00	1.294340e+00	1.288769e+00	1.283807e+00	1.279217e+00	1.274782e+00	1.270290e+00	1.265526e+00	1.260271e+00	1.260913e+00	
3.326108e+00	3.433631e+00	3.416513e+00	3.387298e+00	3.361162e+00	3.336872e+00	3.313278e+00	3.289255e+00	3.263651e+00	3.235232e+00	3.218652e+00	
1.227749e+00	1.244267e+00	1.244779e+00	1.239193e+00	1.234200e+00	1.229584e+00	1.225126e+00	1.220615e+00	1.215832e+00	1.210548e+00	3.205586e+00	
1.178316e+00	1.161913e+00	1.161267e+00	1.166474e+00	1.171199e+00	1.175659e+00	1.180070e+00	1.184641e+00	1.189588e+00	1.195147e+00	3.183578e+00	
3.063541e+00	2.956644e+00	2.973108e+00	3.001333e+00	3.026774e+00	3.050657e+00	3.074129e+00	3.098308e+00	3.124340e+00	3.153450e+00	3.170512e+00	
1.128925e+00	2.943649e+00	1.111799e+00	1.117040e+00	1.121788e+00	1.126271e+00	1.130706e+00	1.135305e+00	1.140285e+00	1.145860e+00	1.145357e+00	
1.079764e+00	2.921761e+00	1.096484e+00	1.090943e+00	1.086015e+00	1.081466e+00	1.077083e+00	1.072654e+00	1.067968e+00	1.062807e+00	1.063456e+00	
2.802401e+00	2.908767e+00	2.891777e+00	2.862794e+00	2.836886e+00	2.812832e+00	2.789494e+00	2.765760e+00	2.740489e+00	2.712461e+00	2.696115e+00	
1.030660e+00	1.047000e+00	1.047494e+00	1.041936e+00	1.036975e+00	1.032397e+00	1.027986e+00	1.023532e+00	1.018820e+00	1.013622e+00	2.683197e+00	
9.817918e-01	9.655852e-01	9.649364e-01	9.700525e-01	9.747017e-01	9.790979e-01	9.834539e-01	9.879774e-01	9.928811e-01	9.983987e-01	2.661439e+00	
2.542801e+00	2.437164e+00	2.453392e+00	2.481223e+00	2.506321e+00	2.529902e+00	2.553097e+00	2.577013e+00	2.602782e+00	2.631615e+00	2.648521e+00	
9.329955e-01	2.424327e+00	9.160537e-01	9.212115e-01	9.258891e-01	9.303130e-01	9.346972e-01	9.392508e-01	9.441877e-01	9.497216e-01	9.492351e-01	
8.844345e-01	2.402704e+00	9.009279e-01	8.954388e-01	8.905624e-01	8.860661e-01	8.817388e-01	8.773741e-01	8.727604e-01	8.676852e-01	8.683326e-01	
2.284818e+00	2.389867e+00	2.373058e+00	2.344391e+00	2.318775e+00	2.295006e+00	2.271959e+00	2.248534e+00	2.223606e+00	2.195969e+00	2.179854e+00	
8.359567e-01	8.520925e-01	8.525733e-01	8.470692e-01	8.421601e-01	8.376337e-01	8.332775e-01	8.288836e-01	8.242392e-01	8.191195e-01	2.167100e+00	
7.877116e-01	7.717156e-01	7.710716e-01	7.761098e-01	7.806906e-01	7.850253e-01	7.893238e-01	7.937912e-01	7.986373e-01	8.040934e-01	2.145617e+00	
2.028497e+00	1.924216e+00	1.940222e+00	1.967674e+00	1.992436e+00	2.015706e+00	2.038603e+00	2.062219e+00	2.087672e+00	2.116159e+00	2.132863e+00	
7.395572e-01	1.911545e+00	7.228300e-01	7.279150e-01	7.325281e-01	7.368927e-01	7.412203e-01	7.457173e-01	7.505948e-01	7.560639e-01	7.555872e-01	
6.916294e-01	1.890202e+00	7.079041e-01	7.024847e-01	6.976711e-01	6.932334e-01	6.889633e-01	6.846569e-01	6.801055e-01	6.750994e-01	6.757384e-01	
1.773844e+00	1.877532e+00	1.860938e+00	1.832642e+00	1.807358e+00	1.783898e+00	1.761150e+00	1.738030e+00	1.713426e+00	1.686147e+00	1.670241e+00	
6.437965e-01	6.597209e-01	6.601954e-01	6.547655e-01	6.499225e-01	6.454565e-01	6.411577e-01	6.368211e-01	6.322366e-01	6.271822e-01	1.657652e+00	
5.961807e-01	5.803916e-01	5.797591e-01	5.847386e-01	5.892644e-01	5.935450e-01	5.977879e-01	6.021956e-01	6.069751e-01	6.123548e-01	1.636448e+00	
1.520834e+00	1.417889e+00	1.433705e+00	1.460826e+00	1.485284e+00	1.508262e+00	1.530864e+00	1.554170e+00	1.579281e+00	1.607382e+00	1.623859e+00	
5.486605e-01	1.405379e+00	5.321597e-01	5.371883e-01	5.417474e-01	5.460578e-01	5.503282e-01	5.547624e-01	5.595688e-01	5.649559e-01	5.644818e-01	
5.013450e-01	1.384308e+00	5.174270e-01	5.120891e-01	5.073445e-01	5.029666e-01	4.987493e-01	4.944914e-01	4.899867e-01	4.850280e-01	4.856523e-01	
1.269403e+00	1.371798e+00	1.355438e+00	1.327535e+00	1.302594e+00	1.279441e+00	1.256977e+00	1.234131e+00	1.209805e+00	1.182822e+00	1.167085e+00	
4.541220e-01	4.698449e-01	4.703204e-01	4.649787e-01	4.602105e-01	4.558085e-01	4.515654e-01	4.472788e-01	4.427413e-01	4.377331e-01	1.154649e+00	
4.070886e-01	3.914849e-01	3.908700e-01	3.958148e-01	4.003037e-01	4.045428e-01	4.087369e-01	4.130861e-01	4.177954e-01	4.230898e-01	1.133702e+00	
1.019457e+00	9.177175e-01	9.333908e-01	9.602576e-01	9.844710e-01	1.007200e+00	1.029537e+00	1.052546e+00	1.077319e+00	1.105026e+00	1.121266e+00	
3.601420e-01	9.053492e-01	3.438588e-01	3.488536e-01	3.533771e-01	3.576468e-01	3.618673e-01	3.662388e-01	3.709665e-01	3.762567e-01	3.757754e-01	
3.133683e-01	8.845167e-01	3.292950e-01	3.240471e-01	3.193814e-01	3.150702e-01	3.109055e-01	3.066849e-01	3.022023e-01	2.972531e-01	2.978500e-01	
7.708777e-01	8.721488e-01	8.560122e-01	8.285060e-01	8.039228e-01	7.810860e-01	7.588958e-01	7.362797e-01	7.121448e-01	6.853286e-01	6.696767e-01	
2.665505e-01	2.820061e-01	2.824571e-01	2.773044e-01	2.727392e-01	2.685283e-01	2.644404e-01	2.602496e-01	2.557250e-01	2.506216e-01	6.573675e-01	
2.197644e-01	2.039819e-01	2.033529e-01	2.085636e-01	2.133892e-01	2.179609e-01	2.224128e-01	2.268750e-01	2.314782e-01	2.363629e-01	6.366342e-01	
5.222219e-01	4.199086e-01	4.357603e-01	4.634379e-01	4.887244e-01	5.125270e-01	5.356873e-01	5.590232e-01	5.833614e-01	6.095698e-01	6.243252e-01	
1.771320e-01	4.074611e-01	1.527607e-01	1.596596e-01	1.667259e-01	1.734435e-01	1.799859e-01	1.865794e-01	1.934617e-01	2.008886e-01	1.984041e-01	
1.387112e-01	3.864949e-01	1.305939e-01	1.305175e-01	1.326814e-01	1.349103e-01	1.370958e-01	1.393010e-01	1.416167e-01	1.442634e-01	1.433574e-01	
3.178597e-01	3.740476e-01	3.177951e-01	3.086339e-01	3.079001e-01	3.078648e-01	3.078873e-01	3.079193e-01	3.080065e-01	3.087426e-01	3.130779e-01	
