2.131729e-12	
2.110207e-12	
2.088685e-12	
2.067163e-12	
2.045642e-12	
2.024122e-12	
2.002602e-12	
1.981083e-12	
1.959564e-12	
1.938047e-12	
1.916531e-12	
1.895016e-12	
1.873503e-12	
1.851990e-12	
1.830480e-12	
1.808971e-12	
1.787464e-12	
1.765958e-12	
1.744455e-12	
1.722954e-12	
1.701454e-12	
1.679957e-12	
1.658463e-12	
1.636970e-12	
1.615481e-12	
1.593994e-12	
1.572509e-12	
1.551027e-12	
1.529548e-12	
1.508072e-12	
1.486599e-12	
1.465128e-12	
1.443661e-12	
1.422197e-12	
1.400736e-12	
1.379278e-12	
1.357823e-12	
1.336372e-12	
1.314924e-12	
1.293479e-12	
1.272038e-12	
1.250600e-12	
1.229166e-12	
1.207735e-12	
1.186307e-12	
1.164883e-12	
1.143463e-12	
1.122045e-12	
1.100632e-12	
1.079222e-12	
1.057815e-12	
1.036412e-12	
1.015012e-12	
9.936161e-13	
9.722233e-13	
9.508340e-13	
9.294480e-13	
9.080654e-13	
8.866861e-13	
8.653102e-13	
8.439375e-13	
8.225680e-13	
8.012018e-13	
7.798387e-13	
7.584786e-13	
7.371216e-13	
7.157676e-13	
6.944166e-13	
6.730684e-13	
6.517230e-13	
6.303804e-13	
6.090405e-13	
5.877032e-13	
5.663685e-13	
5.450362e-13	
5.237063e-13	
5.023788e-13	
4.810535e-13	
4.597304e-13	
4.384093e-13	
4.170903e-13	
3.957732e-13	
3.744579e-13	
3.531444e-13	
3.318325e-13	
3.105222e-13	
2.892133e-13	
2.679059e-13	
2.465997e-13	
2.252947e-13	
2.039908e-13	
1.826878e-13	
1.613858e-13	
1.400846e-13	
1.187841e-13	
9.748411e-14	
7.618466e-14	
5.488560e-14	
3.358683e-14	
1.228826e-14	
