4.469356e-02	4.473668e-02	4.477731e-02	4.478870e-02	4.479057e-02	4.479107e-02	4.479117e-02	4.478983e-02	4.477844e-02	4.469430e-02	4.438396e-02	
1.677346e-02	1.675251e-02	1.675344e-02	1.677379e-02	1.678947e-02	1.680311e-02	1.681545e-02	1.682664e-02	1.683462e-02	1.682145e-02	4.431670e-02	
1.656050e-02	1.644299e-02	1.643568e-02	1.648825e-02	1.653376e-02	1.657422e-02	1.661109e-02	1.664560e-02	1.667824e-02	1.670398e-02	4.420338e-02	
4.356294e-02	4.298486e-02	4.309218e-02	4.327487e-02	4.343493e-02	4.357759e-02	4.370773e-02	4.383005e-02	4.394924e-02	4.407033e-02	4.413608e-02	
1.631567e-02	4.291266e-02	1.623351e-02	1.627332e-02	1.630685e-02	1.633527e-02	1.635935e-02	1.637979e-02	1.639730e-02	1.641257e-02	1.640349e-02	
1.604099e-02	4.279102e-02	1.614941e-02	1.613023e-02	1.611004e-02	1.608766e-02	1.606169e-02	1.603073e-02	1.599335e-02	1.594811e-02	1.594556e-02	
4.210566e-02	4.271878e-02	4.264613e-02	4.251622e-02	4.239147e-02	4.226483e-02	4.212968e-02	4.197953e-02	4.180773e-02	4.160715e-02	4.148653e-02	
1.575487e-02	1.584839e-02	1.585737e-02	1.584064e-02	1.582254e-02	1.580183e-02	1.577730e-02	1.574779e-02	1.571206e-02	1.566848e-02	4.140860e-02	
1.545973e-02	1.535678e-02	1.535868e-02	1.540620e-02	1.544600e-02	1.547941e-02	1.550782e-02	1.553257e-02	1.555504e-02	1.557638e-02	4.127730e-02	
4.053985e-02	3.987463e-02	4.000148e-02	4.021310e-02	4.039526e-02	4.055552e-02	4.070096e-02	4.083849e-02	4.097519e-02	4.111865e-02	4.119934e-02	
1.515286e-02	3.979119e-02	1.505863e-02	1.510406e-02	1.514162e-02	1.517301e-02	1.519953e-02	1.522243e-02	1.524301e-02	1.526259e-02	1.525356e-02	
1.483685e-02	3.965061e-02	1.496002e-02	1.493593e-02	1.491114e-02	1.488438e-02	1.485420e-02	1.481915e-02	1.477776e-02	1.472860e-02	1.472716e-02	
3.886332e-02	3.956714e-02	3.947849e-02	3.932166e-02	3.917331e-02	3.902533e-02	3.887019e-02	3.870050e-02	3.850872e-02	3.828677e-02	3.815402e-02	
1.450950e-02	1.461704e-02	1.462606e-02	1.460362e-02	1.458059e-02	1.455558e-02	1.452719e-02	1.449407e-02	1.445484e-02	1.440773e-02	3.806532e-02	
1.417357e-02	1.405745e-02	1.405840e-02	1.410903e-02	1.415188e-02	1.418847e-02	1.422035e-02	1.424905e-02	1.427611e-02	1.430290e-02	3.791588e-02	
3.708107e-02	3.632980e-02	3.646804e-02	3.669964e-02	3.690047e-02	3.707908e-02	3.724348e-02	3.740146e-02	3.756104e-02	3.773079e-02	3.782714e-02	
1.382670e-02	3.623610e-02	1.371769e-02	1.376635e-02	1.380712e-02	1.384186e-02	1.387204e-02	1.389910e-02	1.392451e-02	1.394975e-02	1.394077e-02	
1.347184e-02	3.607823e-02	1.360696e-02	1.357754e-02	1.354829e-02	1.351774e-02	1.348425e-02	1.344623e-02	1.340205e-02	1.335011e-02	1.334965e-02	
3.519840e-02	3.598450e-02	3.588073e-02	3.569857e-02	3.552824e-02	3.536071e-02	3.518756e-02	3.500056e-02	3.479128e-02	3.455071e-02	3.440739e-02	
1.310649e-02	1.322675e-02	1.323567e-02	1.320769e-02	1.317999e-02	1.315097e-02	1.311909e-02	1.308282e-02	1.304063e-02	1.299057e-02	3.430896e-02	
1.273376e-02	1.260586e-02	1.260583e-02	1.265892e-02	1.270430e-02	1.274364e-02	1.277864e-02	1.281096e-02	1.284231e-02	1.287426e-02	3.414315e-02	
3.322091e-02	3.239251e-02	3.254049e-02	3.278931e-02	3.300641e-02	3.320125e-02	3.338264e-02	3.355921e-02	3.373979e-02	3.393382e-02	3.404470e-02	
1.235102e-02	3.228966e-02	1.222852e-02	1.227984e-02	1.232333e-02	1.236101e-02	1.239450e-02	1.242539e-02	1.245532e-02	1.248594e-02	1.247711e-02	
1.196152e-02	3.211639e-02	1.210698e-02	1.207260e-02	1.203924e-02	1.200525e-02	1.196885e-02	1.192831e-02	1.188187e-02	1.182777e-02	1.182829e-02	
3.115447e-02	3.201351e-02	3.189585e-02	3.169052e-02	3.150024e-02	3.131515e-02	3.112606e-02	3.092396e-02	3.069967e-02	3.044335e-02	3.029116e-02	
1.156253e-02	1.169407e-02	1.170279e-02	1.166961e-02	1.163755e-02	1.160487e-02	1.156988e-02	1.153090e-02	1.148624e-02	1.143383e-02	3.018418e-02	
1.115743e-02	1.101926e-02	1.101825e-02	1.107319e-02	1.112056e-02	1.116217e-02	1.119987e-02	1.123543e-02	1.127070e-02	1.130742e-02	3.000397e-02	
2.900525e-02	2.810957e-02	2.826553e-02	2.852860e-02	2.875940e-02	2.896815e-02	2.916439e-02	2.935744e-02	2.955686e-02	2.977288e-02	2.989696e-02	
1.074336e-02	2.799879e-02	1.060884e-02	1.066220e-02	1.070789e-02	1.074806e-02	1.078446e-02	1.081882e-02	1.085292e-02	1.088855e-02	1.087997e-02	
1.032386e-02	2.781217e-02	1.047794e-02	1.043899e-02	1.040192e-02	1.036489e-02	1.032602e-02	1.028345e-02	1.023529e-02	1.017967e-02	1.018117e-02	
2.677962e-02	2.770137e-02	2.757123e-02	2.734517e-02	2.713720e-02	2.693675e-02	2.673396e-02	2.651918e-02	2.628255e-02	2.601350e-02	2.585425e-02	
9.895965e-03	1.003723e-02	1.004564e-02	1.000766e-02	9.971624e-03	9.935678e-03	9.897986e-03	9.856757e-03	9.810157e-03	9.756017e-03	2.574000e-02	
9.463310e-03	9.316524e-03	9.314537e-03	9.370665e-03	9.419465e-03	9.462865e-03	9.502807e-03	9.541189e-03	9.579955e-03	9.621010e-03	2.554753e-02	
2.448420e-02	2.353190e-02	2.369398e-02	2.396818e-02	2.420994e-02	2.443012e-02	2.463886e-02	2.484611e-02	2.506200e-02	2.529743e-02	2.543325e-02	
9.022849e-03	2.341451e-02	8.877894e-03	8.932658e-03	8.980020e-03	9.022192e-03	9.061066e-03	9.098489e-03	9.136354e-03	9.176572e-03	9.168356e-03	
8.578328e-03	2.321676e-02	8.739185e-03	8.696142e-03	8.655797e-03	8.616175e-03	8.575286e-03	8.531186e-03	8.481888e-03	8.425415e-03	8.427879e-03	
2.212584e-02	2.309935e-02	2.295827e-02	2.271417e-02	2.249098e-02	2.227756e-02	2.206348e-02	2.183856e-02	2.159240e-02	2.131384e-02	2.114942e-02	
8.126614e-03	8.275926e-03	8.283925e-03	8.241590e-03	8.202009e-03	8.163221e-03	8.123281e-03	8.080290e-03	8.032307e-03	7.977083e-03	2.102925e-02	
7.671548e-03	7.517884e-03	7.514950e-03	7.571599e-03	7.621249e-03	7.665917e-03	7.707632e-03	7.748377e-03	7.790181e-03	7.835083e-03	2.082681e-02	
1.971152e-02	1.871391e-02	1.888018e-02	1.916226e-02	1.941210e-02	1.964108e-02	1.985986e-02	2.007883e-02	2.030864e-02	2.056068e-02	2.070661e-02	
7.209924e-03	1.859130e-02	7.056261e-03	7.111782e-03	7.160244e-03	7.203925e-03	7.244813e-03	7.284851e-03	7.326030e-03	7.370356e-03	7.362597e-03	
6.745667e-03	1.838477e-02	6.911393e-03	6.864765e-03	6.821627e-03	6.779882e-03	6.737465e-03	6.692361e-03	6.642507e-03	6.585849e-03	6.589244e-03	
1.724844e-02	1.826215e-02	1.811181e-02	1.785257e-02	1.761682e-02	1.739296e-02	1.717013e-02	1.693776e-02	1.668499e-02	1.640022e-02	1.623259e-02	
6.275503e-03	6.431082e-03	6.438579e-03	6.392396e-03	6.349743e-03	6.308576e-03	6.266863e-03	6.222622e-03	6.173823e-03	6.118169e-03	1.610792e-02	
5.803431e-03	5.644712e-03	5.640868e-03	5.697372e-03	5.747288e-03	5.792698e-03	5.835694e-03	5.878316e-03	5.922657e-03	5.970866e-03	1.589792e-02	
1.474391e-02	1.371282e-02	1.388132e-02	1.416795e-02	1.442292e-02	1.465801e-02	1.488423e-02	1.511232e-02	1.535330e-02	1.561893e-02	1.577323e-02	
5.326132e-03	1.358645e-02	5.165571e-03	5.221208e-03	5.270234e-03	5.314946e-03	5.357395e-03	5.399581e-03	5.443564e-03	5.491420e-03	5.484181e-03	
4.847664e-03	1.337359e-02	5.016245e-03	4.966626e-03	4.921306e-03	4.878048e-03	4.834697e-03	4.789151e-03	4.739279e-03	4.682974e-03	4.687180e-03	
1.220543e-02	1.324722e-02	1.308930e-02	1.281814e-02	1.257298e-02	1.234173e-02	1.211312e-02	1.187614e-02	1.161958e-02	1.133152e-02	1.116236e-02	
4.363377e-03	4.522396e-03	4.528943e-03	4.480431e-03	4.436524e-03	4.394825e-03	4.352962e-03	4.308617e-03	4.259419e-03	4.202756e-03	1.103466e-02	
3.877382e-03	3.712028e-03	3.706897e-03	3.765397e-03	3.818657e-03	3.868040e-03	3.914946e-03	3.960726e-03	4.006733e-03	4.054318e-03	1.081956e-02	
9.627028e-03	8.558433e-03	8.729750e-03	9.027431e-03	9.297365e-03	9.548959e-03	9.790927e-03	1.003172e-02	1.027985e-02	1.054424e-02	1.069185e-02	
3.431045e-03	8.427819e-03	3.177383e-03	3.252106e-03	3.327785e-03	3.399007e-03	3.467564e-03	3.535796e-03	3.606164e-03	3.681310e-03	3.653812e-03	
3.028102e-03	8.207812e-03	2.943416e-03	2.943441e-03	2.966717e-03	2.990408e-03	3.013365e-03	3.036239e-03	3.059974e-03	3.086877e-03	3.076963e-03	
7.487572e-03	8.077192e-03	7.486899e-03	7.390774e-03	7.383080e-03	7.382713e-03	7.382949e-03	7.383282e-03	7.384191e-03	7.391905e-03	7.437396e-03	
