2.131788e-12	
2.110391e-12	
2.088994e-12	
2.067597e-12	
2.046200e-12	
2.024803e-12	
2.003406e-12	
1.982009e-12	
1.960612e-12	
1.939215e-12	
1.917818e-12	
1.896421e-12	
1.875024e-12	
1.853627e-12	
1.832230e-12	
1.810833e-12	
1.789436e-12	
1.768039e-12	
1.746642e-12	
1.725245e-12	
1.703848e-12	
1.682451e-12	
1.661054e-12	
1.639657e-12	
1.618260e-12	
1.596863e-12	
1.575466e-12	
1.554069e-12	
1.532672e-12	
1.511275e-12	
1.489878e-12	
1.468481e-12	
1.447084e-12	
1.425688e-12	
1.404291e-12	
1.382894e-12	
1.361497e-12	
1.340100e-12	
1.318703e-12	
1.297306e-12	
1.275909e-12	
1.254512e-12	
1.233115e-12	
1.211718e-12	
1.190321e-12	
1.168924e-12	
1.147527e-12	
1.126130e-12	
1.104733e-12	
1.083336e-12	
1.061939e-12	
1.040542e-12	
1.019145e-12	
9.977481e-13	
9.763512e-13	
9.549542e-13	
9.335572e-13	
9.121603e-13	
8.907633e-13	
8.693664e-13	
8.479694e-13	
8.265724e-13	
8.051755e-13	
7.837785e-13	
7.623816e-13	
7.409846e-13	
7.195876e-13	
6.981907e-13	
6.767937e-13	
6.553968e-13	
6.339998e-13	
6.126028e-13	
5.912059e-13	
5.698089e-13	
5.484120e-13	
5.270150e-13	
5.056181e-13	
4.842211e-13	
4.628242e-13	
4.414272e-13	
4.200303e-13	
3.986333e-13	
3.772364e-13	
3.558394e-13	
3.344425e-13	
3.130455e-13	
2.916486e-13	
2.702516e-13	
2.488547e-13	
2.274577e-13	
2.060608e-13	
1.846638e-13	
1.632669e-13	
1.418699e-13	
1.204730e-13	
9.907605e-14	
7.767911e-14	
5.628217e-14	
3.488523e-14	
1.348829e-14	
