3.394461e-03	3.394981e-03	3.395472e-03	3.395609e-03	3.395632e-03	3.395638e-03	3.395639e-03	3.395623e-03	3.395486e-03	3.394470e-03	3.390722e-03	
1.277965e-03	1.277712e-03	1.277724e-03	1.277970e-03	1.278159e-03	1.278324e-03	1.278473e-03	1.278607e-03	1.278704e-03	1.278544e-03	3.389910e-03	
1.275394e-03	1.273976e-03	1.273888e-03	1.274523e-03	1.275073e-03	1.275562e-03	1.276007e-03	1.276423e-03	1.276817e-03	1.277127e-03	3.388542e-03	
3.380808e-03	3.373826e-03	3.375124e-03	3.377333e-03	3.379267e-03	3.380991e-03	3.382562e-03	3.384039e-03	3.385477e-03	3.386937e-03	3.387729e-03	
1.272439e-03	3.372954e-03	1.271449e-03	1.271930e-03	1.272336e-03	1.272679e-03	1.272970e-03	1.273216e-03	1.273427e-03	1.273610e-03	1.273500e-03	
1.269122e-03	3.371484e-03	1.270433e-03	1.270203e-03	1.269960e-03	1.269690e-03	1.269376e-03	1.269002e-03	1.268549e-03	1.268000e-03	1.267969e-03	
3.363202e-03	3.370612e-03	3.369737e-03	3.368172e-03	3.366668e-03	3.365139e-03	3.363506e-03	3.361690e-03	3.359610e-03	3.357180e-03	3.355719e-03	
1.265667e-03	1.266796e-03	1.266906e-03	1.266706e-03	1.266489e-03	1.266240e-03	1.265944e-03	1.265586e-03	1.265153e-03	1.264625e-03	3.354776e-03	
1.262099e-03	1.260853e-03	1.260877e-03	1.261455e-03	1.261938e-03	1.262344e-03	1.262687e-03	1.262986e-03	1.263256e-03	1.263512e-03	3.353189e-03	
3.344267e-03	3.336218e-03	3.337758e-03	3.340327e-03	3.342536e-03	3.344478e-03	3.346238e-03	3.347899e-03	3.349548e-03	3.351275e-03	3.352246e-03	
1.258388e-03	3.335207e-03	1.257252e-03	1.257804e-03	1.258261e-03	1.258641e-03	1.258962e-03	1.259237e-03	1.259484e-03	1.259717e-03	1.259606e-03	
1.254563e-03	3.333505e-03	1.256058e-03	1.255770e-03	1.255472e-03	1.255149e-03	1.254783e-03	1.254357e-03	1.253853e-03	1.253253e-03	1.253234e-03	
3.323966e-03	3.332495e-03	3.331428e-03	3.329538e-03	3.327748e-03	3.325959e-03	3.324079e-03	3.322019e-03	3.319687e-03	3.316986e-03	3.315369e-03	
1.250599e-03	1.251901e-03	1.252012e-03	1.251745e-03	1.251470e-03	1.251169e-03	1.250825e-03	1.250423e-03	1.249945e-03	1.249370e-03	3.314293e-03	
1.246525e-03	1.245115e-03	1.245129e-03	1.245749e-03	1.246273e-03	1.246719e-03	1.247106e-03	1.247453e-03	1.247779e-03	1.248099e-03	3.312481e-03	
3.302347e-03	3.293223e-03	3.294912e-03	3.297739e-03	3.300187e-03	3.302360e-03	3.304356e-03	3.306270e-03	3.308198e-03	3.310244e-03	3.311405e-03	
1.242316e-03	3.292084e-03	1.240998e-03	1.241594e-03	1.242093e-03	1.242516e-03	1.242882e-03	1.243208e-03	1.243512e-03	1.243812e-03	1.243700e-03	
1.238004e-03	3.290165e-03	1.239653e-03	1.239301e-03	1.238949e-03	1.238579e-03	1.238171e-03	1.237706e-03	1.237164e-03	1.236525e-03	1.236516e-03	
3.279460e-03	3.289026e-03	3.287775e-03	3.285576e-03	3.283515e-03	3.281482e-03	3.279375e-03	3.277093e-03	3.274534e-03	3.271588e-03	3.269832e-03	
1.233561e-03	1.235023e-03	1.235135e-03	1.234802e-03	1.234470e-03	1.234120e-03	1.233733e-03	1.233290e-03	1.232772e-03	1.232157e-03	3.268632e-03	
1.229020e-03	1.227458e-03	1.227462e-03	1.228118e-03	1.228677e-03	1.229160e-03	1.229587e-03	1.229980e-03	1.230358e-03	1.230740e-03	3.266612e-03	
3.255361e-03	3.245250e-03	3.247071e-03	3.250129e-03	3.252793e-03	3.255177e-03	3.257391e-03	3.259538e-03	3.261727e-03	3.264073e-03	3.265412e-03	
1.224352e-03	3.243993e-03	1.222866e-03	1.223500e-03	1.224035e-03	1.224497e-03	1.224905e-03	1.225278e-03	1.225637e-03	1.226001e-03	1.225890e-03	
1.219593e-03	3.241875e-03	1.221381e-03	1.220969e-03	1.220566e-03	1.220153e-03	1.219707e-03	1.219207e-03	1.218632e-03	1.217960e-03	1.217962e-03	
3.230105e-03	3.240618e-03	3.239195e-03	3.236707e-03	3.234395e-03	3.232138e-03	3.229824e-03	3.227342e-03	3.224579e-03	3.221416e-03	3.219536e-03	
1.214713e-03	1.216322e-03	1.216433e-03	1.216038e-03	1.215653e-03	1.215257e-03	1.214830e-03	1.214351e-03	1.213798e-03	1.213147e-03	3.218224e-03	
1.209748e-03	1.208050e-03	1.208043e-03	1.208729e-03	1.209318e-03	1.209834e-03	1.210297e-03	1.210731e-03	1.211158e-03	1.211599e-03	3.216015e-03	
3.203753e-03	3.192750e-03	3.194686e-03	3.197947e-03	3.200801e-03	3.203375e-03	3.205785e-03	3.208146e-03	3.210575e-03	3.213199e-03	3.214703e-03	
1.204666e-03	3.191387e-03	1.203025e-03	1.203691e-03	1.204259e-03	1.204755e-03	1.205201e-03	1.205618e-03	1.206028e-03	1.206453e-03	1.206343e-03	
1.199506e-03	3.189091e-03	1.201415e-03	1.200947e-03	1.200497e-03	1.200044e-03	1.199564e-03	1.199034e-03	1.198432e-03	1.197733e-03	1.197746e-03	
3.176366e-03	3.187727e-03	3.186146e-03	3.183392e-03	3.180851e-03	3.178391e-03	3.175891e-03	3.173232e-03	3.170293e-03	3.166942e-03	3.164955e-03	
1.194235e-03	1.195974e-03	1.196084e-03	1.195630e-03	1.195196e-03	1.194758e-03	1.194295e-03	1.193783e-03	1.193201e-03	1.192521e-03	3.163544e-03	
1.188891e-03	1.187073e-03	1.187055e-03	1.187765e-03	1.188379e-03	1.188922e-03	1.189417e-03	1.189888e-03	1.190360e-03	1.190855e-03	3.161166e-03	
3.148009e-03	3.136216e-03	3.138249e-03	3.141682e-03	3.144701e-03	3.147439e-03	3.150023e-03	3.152576e-03	3.155223e-03	3.158099e-03	3.159754e-03	
1.183443e-03	3.134760e-03	1.181662e-03	1.182354e-03	1.182949e-03	1.183474e-03	1.183954e-03	1.184411e-03	1.184869e-03	1.185350e-03	1.185242e-03	
1.177929e-03	3.132306e-03	1.179942e-03	1.179422e-03	1.178929e-03	1.178441e-03	1.177932e-03	1.177377e-03	1.176752e-03	1.176033e-03	1.176057e-03	
3.118746e-03	3.130849e-03	3.129124e-03	3.126131e-03	3.123385e-03	3.120745e-03	3.118083e-03	3.115272e-03	3.112182e-03	3.108674e-03	3.106600e-03	
1.172316e-03	1.174171e-03	1.174277e-03	1.173769e-03	1.173290e-03	1.172814e-03	1.172319e-03	1.171780e-03	1.171174e-03	1.170472e-03	3.105101e-03	
1.166644e-03	1.164723e-03	1.164694e-03	1.165421e-03	1.166054e-03	1.166619e-03	1.167142e-03	1.167646e-03	1.168158e-03	1.168703e-03	3.102578e-03	
3.088647e-03	3.076175e-03	3.078286e-03	3.081860e-03	3.085015e-03	3.087892e-03	3.090627e-03	3.093347e-03	3.096187e-03	3.099288e-03	3.101080e-03	
1.160880e-03	3.074638e-03	1.158976e-03	1.159688e-03	1.160304e-03	1.160855e-03	1.161364e-03	1.161857e-03	1.162357e-03	1.162890e-03	1.162785e-03	
1.155064e-03	3.072050e-03	1.157162e-03	1.156595e-03	1.156065e-03	1.155545e-03	1.155011e-03	1.154437e-03	1.153796e-03	1.153063e-03	1.153097e-03	
3.057781e-03	3.070514e-03	3.068661e-03	3.065457e-03	3.062531e-03	3.059736e-03	3.056937e-03	3.053999e-03	3.050787e-03	3.047154e-03	3.045011e-03	
1.149161e-03	1.151113e-03	1.151216e-03	1.150659e-03	1.150138e-03	1.149630e-03	1.149108e-03	1.148547e-03	1.147921e-03	1.147203e-03	3.043440e-03	
1.143213e-03	1.141206e-03	1.141167e-03	1.141905e-03	1.142552e-03	1.143134e-03	1.143679e-03	1.144212e-03	1.144759e-03	1.145348e-03	3.040794e-03	
3.026218e-03	3.013180e-03	3.015351e-03	3.019034e-03	3.022296e-03	3.025287e-03	3.028146e-03	3.031009e-03	3.034015e-03	3.037313e-03	3.039223e-03	
1.137186e-03	3.011578e-03	1.135177e-03	1.135902e-03	1.136535e-03	1.137106e-03	1.137640e-03	1.138164e-03	1.138702e-03	1.139282e-03	1.139181e-03	
1.131121e-03	3.008880e-03	1.133285e-03	1.132677e-03	1.132115e-03	1.131571e-03	1.131018e-03	1.130430e-03	1.129777e-03	1.129035e-03	1.129078e-03	
2.994032e-03	3.007277e-03	3.005313e-03	3.001929e-03	2.998855e-03	2.995936e-03	2.993028e-03	2.989992e-03	2.986685e-03	2.982955e-03	2.980758e-03	
1.124966e-03	1.126986e-03	1.127080e-03	1.126490e-03	1.125951e-03	1.125431e-03	1.124901e-03	1.124331e-03	1.123691e-03	1.122946e-03	2.979129e-03	
1.118766e-03	1.116646e-03	1.116592e-03	1.117368e-03	1.118069e-03	1.118712e-03	1.119314e-03	1.119894e-03	1.120468e-03	1.121053e-03	2.976384e-03	
2.961123e-03	2.947432e-03	2.949673e-03	2.953554e-03	2.957057e-03	2.960302e-03	2.963401e-03	2.966462e-03	2.969594e-03	2.972911e-03	2.974754e-03	
1.113061e-03	2.945754e-03	1.109826e-03	1.110802e-03	1.111784e-03	1.112702e-03	1.113579e-03	1.114446e-03	1.115334e-03	1.116276e-03	1.115915e-03	
1.107893e-03	2.942926e-03	1.106813e-03	1.106819e-03	1.107121e-03	1.107426e-03	1.107720e-03	1.108011e-03	1.108310e-03	1.108648e-03	1.108519e-03	
2.933671e-03	2.941248e-03	2.933662e-03	2.932427e-03	2.932328e-03	2.932324e-03	2.932327e-03	2.932331e-03	2.932343e-03	2.932442e-03	2.933026e-03	
