2.131784e-12	
2.110389e-12	
2.088994e-12	
2.067599e-12	
2.046203e-12	
2.024808e-12	
2.003413e-12	
1.982018e-12	
1.960623e-12	
1.939227e-12	
1.917832e-12	
1.896437e-12	
1.875042e-12	
1.853647e-12	
1.832251e-12	
1.810856e-12	
1.789461e-12	
1.768066e-12	
1.746671e-12	
1.725275e-12	
1.703880e-12	
1.682485e-12	
1.661090e-12	
1.639694e-12	
1.618299e-12	
1.596904e-12	
1.575509e-12	
1.554114e-12	
1.532718e-12	
1.511323e-12	
1.489928e-12	
1.468533e-12	
1.447138e-12	
1.425742e-12	
1.404347e-12	
1.382952e-12	
1.361557e-12	
1.340162e-12	
1.318766e-12	
1.297371e-12	
1.275976e-12	
1.254581e-12	
1.233186e-12	
1.211790e-12	
1.190395e-12	
1.169000e-12	
1.147605e-12	
1.126210e-12	
1.104814e-12	
1.083419e-12	
1.062024e-12	
1.040629e-12	
1.019234e-12	
9.978384e-13	
9.764432e-13	
9.550480e-13	
9.336528e-13	
9.122576e-13	
8.908624e-13	
8.694672e-13	
8.480720e-13	
8.266768e-13	
8.052816e-13	
7.838864e-13	
7.624912e-13	
7.410960e-13	
7.197008e-13	
6.983056e-13	
6.769104e-13	
6.555152e-13	
6.341200e-13	
6.127248e-13	
5.913296e-13	
5.699344e-13	
5.485392e-13	
5.271440e-13	
5.057489e-13	
4.843537e-13	
4.629585e-13	
4.415633e-13	
4.201681e-13	
3.987729e-13	
3.773777e-13	
3.559825e-13	
3.345873e-13	
3.131921e-13	
2.917969e-13	
2.704017e-13	
2.490065e-13	
2.276113e-13	
2.062162e-13	
1.848210e-13	
1.634258e-13	
1.420306e-13	
1.206354e-13	
9.924020e-14	
7.784501e-14	
5.644983e-14	
3.505464e-14	
1.365945e-14	
