1.355695e-02	1.356770e-02	1.357784e-02	1.358068e-02	1.358114e-02	1.358127e-02	1.358129e-02	1.358096e-02	1.357812e-02	1.355713e-02	1.347974e-02	
5.091313e-03	5.086089e-03	5.086319e-03	5.091397e-03	5.095307e-03	5.098708e-03	5.101785e-03	5.104575e-03	5.106566e-03	5.103281e-03	1.346296e-02	
5.038203e-03	5.008896e-03	5.007072e-03	5.020183e-03	5.031534e-03	5.041624e-03	5.050819e-03	5.059426e-03	5.067567e-03	5.073985e-03	1.343470e-02	
1.327497e-02	1.313080e-02	1.315757e-02	1.320313e-02	1.324305e-02	1.327863e-02	1.331109e-02	1.334160e-02	1.337132e-02	1.340152e-02	1.341792e-02	
4.977142e-03	1.311279e-02	4.956653e-03	4.966582e-03	4.974946e-03	4.982035e-03	4.988039e-03	4.993136e-03	4.997502e-03	5.001310e-03	4.999044e-03	
4.908637e-03	1.308245e-02	4.935679e-03	4.930897e-03	4.925861e-03	4.920281e-03	4.913804e-03	4.906083e-03	4.896757e-03	4.885473e-03	4.884837e-03	
1.291152e-02	1.306444e-02	1.304632e-02	1.301393e-02	1.298282e-02	1.295123e-02	1.291752e-02	1.288007e-02	1.283722e-02	1.278719e-02	1.275710e-02	
4.837278e-03	4.860604e-03	4.862842e-03	4.858673e-03	4.854159e-03	4.848995e-03	4.842880e-03	4.835518e-03	4.826605e-03	4.815734e-03	1.273767e-02	
4.763668e-03	4.737988e-03	4.738465e-03	4.750321e-03	4.760247e-03	4.768582e-03	4.775668e-03	4.781841e-03	4.787443e-03	4.792763e-03	1.270492e-02	
1.252098e-02	1.235506e-02	1.238671e-02	1.243950e-02	1.248494e-02	1.252491e-02	1.256119e-02	1.259549e-02	1.262958e-02	1.266535e-02	1.268547e-02	
4.687129e-03	1.233425e-02	4.663629e-03	4.674963e-03	4.684333e-03	4.692164e-03	4.698778e-03	4.704489e-03	4.709619e-03	4.714499e-03	4.712245e-03	
4.608309e-03	1.229918e-02	4.639035e-03	4.633027e-03	4.626846e-03	4.620174e-03	4.612645e-03	4.603900e-03	4.593574e-03	4.581308e-03	4.580947e-03	
1.210280e-02	1.227836e-02	1.225626e-02	1.221715e-02	1.218015e-02	1.214324e-02	1.210454e-02	1.206221e-02	1.201437e-02	1.195899e-02	1.192587e-02	
4.526655e-03	4.553480e-03	4.555732e-03	4.550138e-03	4.544399e-03	4.538161e-03	4.531079e-03	4.522817e-03	4.513031e-03	4.501274e-03	1.190375e-02	
4.442857e-03	4.413891e-03	4.414131e-03	4.426765e-03	4.437457e-03	4.446588e-03	4.454542e-03	4.461699e-03	4.468446e-03	4.475126e-03	1.186647e-02	
1.165822e-02	1.147080e-02	1.150530e-02	1.156309e-02	1.161320e-02	1.165776e-02	1.169877e-02	1.173817e-02	1.177797e-02	1.182031e-02	1.184433e-02	
4.356329e-03	1.144742e-02	4.329141e-03	4.341286e-03	4.351459e-03	4.360127e-03	4.367656e-03	4.374404e-03	4.380737e-03	4.387029e-03	4.384785e-03	
4.267801e-03	1.140804e-02	4.301517e-03	4.294184e-03	4.286891e-03	4.279270e-03	4.270913e-03	4.261425e-03	4.250399e-03	4.237434e-03	4.237316e-03	
1.118853e-02	1.138466e-02	1.135878e-02	1.131335e-02	1.127086e-02	1.122907e-02	1.118587e-02	1.113921e-02	1.108699e-02	1.102695e-02	1.099118e-02	
4.176653e-03	4.206656e-03	4.208885e-03	4.201913e-03	4.195005e-03	4.187768e-03	4.179814e-03	4.170765e-03	4.160234e-03	4.147738e-03	1.096662e-02	
4.083655e-03	4.051741e-03	4.051737e-03	4.064994e-03	4.076322e-03	4.086141e-03	4.094874e-03	4.102937e-03	4.110754e-03	4.118719e-03	1.092525e-02	
1.069513e-02	1.048843e-02	1.052537e-02	1.058747e-02	1.064166e-02	1.069028e-02	1.073555e-02	1.077960e-02	1.082464e-02	1.087304e-02	1.090069e-02	
3.988156e-03	1.046276e-02	3.957599e-03	3.970411e-03	3.981268e-03	3.990671e-03	3.999026e-03	4.006732e-03	4.014193e-03	4.021825e-03	4.019618e-03	
3.890963e-03	1.041953e-02	3.927271e-03	3.918698e-03	3.910379e-03	3.901898e-03	3.892814e-03	3.882694e-03	3.871097e-03	3.857587e-03	3.857714e-03	
1.017948e-02	1.039385e-02	1.036451e-02	1.031329e-02	1.026582e-02	1.021964e-02	1.017245e-02	1.012201e-02	1.006602e-02	1.000202e-02	9.964025e-03	
3.791394e-03	3.824221e-03	3.826401e-03	3.818132e-03	3.810138e-03	3.801987e-03	3.793254e-03	3.783525e-03	3.772373e-03	3.759284e-03	9.937326e-03	
3.690291e-03	3.655805e-03	3.655556e-03	3.669280e-03	3.681111e-03	3.691502e-03	3.700911e-03	3.709785e-03	3.718581e-03	3.727737e-03	9.892349e-03	
9.643074e-03	9.419513e-03	9.458458e-03	9.524150e-03	9.581777e-03	9.633890e-03	9.682870e-03	9.731047e-03	9.780803e-03	9.834692e-03	9.865644e-03	
3.586945e-03	9.391859e-03	3.553378e-03	3.566706e-03	3.578119e-03	3.588146e-03	3.597230e-03	3.605802e-03	3.614305e-03	3.623187e-03	3.621041e-03	
3.482230e-03	9.345276e-03	3.520703e-03	3.510992e-03	3.501745e-03	3.492504e-03	3.482798e-03	3.472166e-03	3.460135e-03	3.446238e-03	3.446608e-03	
9.087510e-03	9.317617e-03	9.285149e-03	9.228747e-03	9.176851e-03	9.126822e-03	9.076196e-03	9.022567e-03	8.963471e-03	8.896274e-03	8.856495e-03	
3.375412e-03	3.410677e-03	3.412782e-03	3.403314e-03	3.394327e-03	3.385359e-03	3.375951e-03	3.365655e-03	3.354014e-03	3.340487e-03	8.827969e-03	
3.267393e-03	3.230741e-03	3.230251e-03	3.244280e-03	3.256475e-03	3.267317e-03	3.277291e-03	3.286871e-03	3.296542e-03	3.306781e-03	8.779916e-03	
8.514417e-03	8.276630e-03	8.317125e-03	8.385630e-03	8.446020e-03	8.501008e-03	8.553131e-03	8.604866e-03	8.658749e-03	8.717497e-03	8.751384e-03	
3.157417e-03	8.247315e-03	3.121236e-03	3.134924e-03	3.146758e-03	3.157292e-03	3.166997e-03	3.176335e-03	3.185779e-03	3.195805e-03	3.193747e-03	
3.046413e-03	8.197933e-03	3.086599e-03	3.075863e-03	3.065797e-03	3.055905e-03	3.045692e-03	3.034673e-03	3.022349e-03	3.008229e-03	3.008838e-03	
7.925484e-03	8.168614e-03	8.133407e-03	8.072485e-03	8.016773e-03	7.963485e-03	7.910019e-03	7.853833e-03	7.792327e-03	7.722715e-03	7.681624e-03	
2.933603e-03	2.970891e-03	2.972896e-03	2.962340e-03	2.952467e-03	2.942787e-03	2.932813e-03	2.922073e-03	2.910080e-03	2.896272e-03	7.651606e-03	
2.819939e-03	2.781552e-03	2.780826e-03	2.794996e-03	2.807411e-03	2.818576e-03	2.828998e-03	2.839172e-03	2.849604e-03	2.860805e-03	7.601041e-03	
7.322442e-03	7.073226e-03	7.114794e-03	7.185308e-03	7.247750e-03	7.304968e-03	7.359620e-03	7.414304e-03	7.471680e-03	7.534596e-03	7.571020e-03	
2.704626e-03	7.042594e-03	2.666257e-03	2.680143e-03	2.692260e-03	2.703176e-03	2.713389e-03	2.723383e-03	2.733656e-03	2.744709e-03	2.742763e-03	
2.588638e-03	6.990996e-03	2.630064e-03	2.618431e-03	2.607664e-03	2.597238e-03	2.586638e-03	2.575360e-03	2.562889e-03	2.548711e-03	2.549551e-03	
6.707066e-03	6.960360e-03	6.922828e-03	6.858103e-03	6.799232e-03	6.743312e-03	6.687634e-03	6.629552e-03	6.566358e-03	6.495150e-03	6.453227e-03	
2.471161e-03	2.510034e-03	2.511916e-03	2.500398e-03	2.489756e-03	2.479477e-03	2.469056e-03	2.457997e-03	2.445792e-03	2.431866e-03	6.422071e-03	
2.353189e-03	2.313516e-03	2.312565e-03	2.326710e-03	2.339202e-03	2.350561e-03	2.361308e-03	2.371956e-03	2.383026e-03	2.395056e-03	6.369590e-03	
6.081161e-03	5.823441e-03	5.865598e-03	5.937296e-03	6.001063e-03	6.059842e-03	6.116384e-03	6.173375e-03	6.233566e-03	6.299903e-03	6.338431e-03	
2.233895e-03	5.791852e-03	2.193784e-03	2.207711e-03	2.219978e-03	2.231159e-03	2.241767e-03	2.252302e-03	2.263278e-03	2.275215e-03	2.273396e-03	
2.114288e-03	5.738641e-03	2.156457e-03	2.144073e-03	2.132756e-03	2.121947e-03	2.111107e-03	2.099710e-03	2.087224e-03	2.073121e-03	2.074163e-03	
5.446585e-03	5.707050e-03	5.667610e-03	5.599877e-03	5.538623e-03	5.480829e-03	5.423672e-03	5.364401e-03	5.300212e-03	5.228128e-03	5.185789e-03	
1.993211e-03	2.032967e-03	2.034614e-03	2.022511e-03	2.011552e-03	2.001137e-03	1.990672e-03	1.979579e-03	1.967264e-03	1.953075e-03	5.153856e-03	
1.871684e-03	1.830326e-03	1.829053e-03	1.843711e-03	1.857050e-03	1.869411e-03	1.881144e-03	1.892587e-03	1.904079e-03	1.915957e-03	5.100067e-03	
4.801821e-03	4.534552e-03	4.577445e-03	4.651964e-03	4.719520e-03	4.782467e-03	4.842985e-03	4.903186e-03	4.965201e-03	5.031260e-03	5.068133e-03	
1.760063e-03	4.501880e-03	1.696634e-03	1.715341e-03	1.734281e-03	1.752099e-03	1.769245e-03	1.786304e-03	1.803891e-03	1.822666e-03	1.815779e-03	
1.659277e-03	4.446845e-03	1.638101e-03	1.638113e-03	1.643938e-03	1.649865e-03	1.655606e-03	1.661325e-03	1.667257e-03	1.673979e-03	1.671497e-03	
4.266679e-03	4.414171e-03	4.266510e-03	4.242465e-03	4.240540e-03	4.240448e-03	4.240508e-03	4.240591e-03	4.240818e-03	4.242748e-03	4.254127e-03	
