2.131787e-12	
2.110390e-12	
2.088994e-12	
2.067598e-12	
2.046201e-12	
2.024805e-12	
2.003409e-12	
1.982012e-12	
1.960616e-12	
1.939219e-12	
1.917823e-12	
1.896427e-12	
1.875030e-12	
1.853634e-12	
1.832238e-12	
1.810841e-12	
1.789445e-12	
1.768049e-12	
1.746652e-12	
1.725256e-12	
1.703860e-12	
1.682463e-12	
1.661067e-12	
1.639670e-12	
1.618274e-12	
1.596878e-12	
1.575481e-12	
1.554085e-12	
1.532689e-12	
1.511292e-12	
1.489896e-12	
1.468500e-12	
1.447103e-12	
1.425707e-12	
1.404311e-12	
1.382914e-12	
1.361518e-12	
1.340121e-12	
1.318725e-12	
1.297329e-12	
1.275932e-12	
1.254536e-12	
1.233140e-12	
1.211743e-12	
1.190347e-12	
1.168951e-12	
1.147554e-12	
1.126158e-12	
1.104762e-12	
1.083365e-12	
1.061969e-12	
1.040573e-12	
1.019176e-12	
9.977798e-13	
9.763835e-13	
9.549871e-13	
9.335908e-13	
9.121944e-13	
8.907981e-13	
8.694017e-13	
8.480054e-13	
8.266090e-13	
8.052127e-13	
7.838163e-13	
7.624200e-13	
7.410236e-13	
7.196273e-13	
6.982309e-13	
6.768346e-13	
6.554382e-13	
6.340419e-13	
6.126455e-13	
5.912492e-13	
5.698529e-13	
5.484565e-13	
5.270602e-13	
5.056638e-13	
4.842675e-13	
4.628711e-13	
4.414748e-13	
4.200784e-13	
3.986821e-13	
3.772858e-13	
3.558894e-13	
3.344931e-13	
3.130967e-13	
2.917004e-13	
2.703040e-13	
2.489077e-13	
2.275114e-13	
2.061150e-13	
1.847187e-13	
1.633224e-13	
1.419260e-13	
1.205297e-13	
9.913334e-14	
7.773700e-14	
5.634066e-14	
3.494433e-14	
1.354799e-14	
