1.078819e+00	1.079946e+00	1.081008e+00	1.081306e+00	1.081355e+00	1.081368e+00	1.081370e+00	1.081336e+00	1.081038e+00	1.078838e+00	1.070725e+00	
4.047532e-01	4.042055e-01	4.042296e-01	4.047618e-01	4.051717e-01	4.055283e-01	4.058509e-01	4.061434e-01	4.063522e-01	4.060079e-01	1.068966e+00	
3.991857e-01	3.961135e-01	3.959221e-01	3.972963e-01	3.984861e-01	3.995437e-01	4.005077e-01	4.014101e-01	4.022637e-01	4.029366e-01	1.066004e+00	
1.049260e+00	1.034148e+00	1.036953e+00	1.041728e+00	1.045912e+00	1.049642e+00	1.053044e+00	1.056242e+00	1.059359e+00	1.062525e+00	1.064244e+00	
3.927844e-01	1.032260e+00	3.906362e-01	3.916767e-01	3.925531e-01	3.932962e-01	3.939257e-01	3.944602e-01	3.949181e-01	3.953178e-01	3.950804e-01	
3.856035e-01	1.029080e+00	3.884375e-01	3.879357e-01	3.874076e-01	3.868225e-01	3.861436e-01	3.853345e-01	3.843575e-01	3.831753e-01	3.831089e-01	
1.011164e+00	1.027192e+00	1.025292e+00	1.021895e+00	1.018633e+00	1.015322e+00	1.011789e+00	1.007864e+00	1.003374e+00	9.981318e-01	9.949796e-01	
3.781234e-01	3.805684e-01	3.808027e-01	3.803649e-01	3.798912e-01	3.793496e-01	3.787085e-01	3.779370e-01	3.770033e-01	3.758645e-01	9.929425e-01	
3.704086e-01	3.677175e-01	3.677670e-01	3.690084e-01	3.700480e-01	3.709211e-01	3.716637e-01	3.723108e-01	3.728985e-01	3.734569e-01	9.895105e-01	
9.702349e-01	9.528479e-01	9.561621e-01	9.616914e-01	9.664511e-01	9.706394e-01	9.744409e-01	9.780364e-01	9.816108e-01	9.853622e-01	9.874725e-01	
3.623870e-01	9.506671e-01	3.599232e-01	3.611099e-01	3.620911e-01	3.629115e-01	3.636047e-01	3.642037e-01	3.647422e-01	3.652549e-01	3.650191e-01	
3.541279e-01	9.469930e-01	3.573460e-01	3.567153e-01	3.560669e-01	3.553676e-01	3.545788e-01	3.536631e-01	3.525822e-01	3.512984e-01	3.512612e-01	
9.264181e-01	9.448114e-01	9.424929e-01	9.383920e-01	9.345132e-01	9.306452e-01	9.265908e-01	9.221571e-01	9.171470e-01	9.113496e-01	9.078823e-01	
3.455723e-01	3.483829e-01	3.486183e-01	3.480305e-01	3.474280e-01	3.467738e-01	3.460317e-01	3.451665e-01	3.441421e-01	3.429117e-01	9.055644e-01	
3.367941e-01	3.337603e-01	3.337846e-01	3.351061e-01	3.362248e-01	3.371804e-01	3.380134e-01	3.387635e-01	3.394712e-01	3.401724e-01	9.016594e-01	
8.798473e-01	8.602187e-01	8.638283e-01	8.698761e-01	8.751211e-01	8.797867e-01	8.840820e-01	8.882109e-01	8.923826e-01	8.968209e-01	8.993406e-01	
3.277305e-01	8.577707e-01	3.248811e-01	3.261513e-01	3.272158e-01	3.281232e-01	3.289119e-01	3.296195e-01	3.302842e-01	3.309454e-01	3.307111e-01	
3.184598e-01	8.536466e-01	3.219882e-01	3.212184e-01	3.204536e-01	3.196551e-01	3.187803e-01	3.177877e-01	3.166347e-01	3.152795e-01	3.152681e-01	
8.306635e-01	8.511978e-01	8.484845e-01	8.437222e-01	8.392703e-01	8.348929e-01	8.303700e-01	8.254865e-01	8.200225e-01	8.137426e-01	8.100016e-01	
3.089158e-01	3.120573e-01	3.122898e-01	3.115572e-01	3.108322e-01	3.100735e-01	3.092405e-01	3.082937e-01	3.071924e-01	3.058862e-01	8.074309e-01	
2.991806e-01	2.958407e-01	2.958391e-01	2.972239e-01	2.984077e-01	2.994343e-01	3.003482e-01	3.011927e-01	3.020124e-01	3.028483e-01	8.031002e-01	
7.790157e-01	7.573832e-01	7.612443e-01	7.677373e-01	7.734038e-01	7.784903e-01	7.832273e-01	7.878399e-01	7.925585e-01	7.976302e-01	8.005288e-01	
2.891850e-01	7.546975e-01	2.859844e-01	2.873228e-01	2.884575e-01	2.894409e-01	2.903157e-01	2.911232e-01	2.919062e-01	2.927079e-01	2.924780e-01	
2.790149e-01	7.501734e-01	2.828108e-01	2.819113e-01	2.810393e-01	2.801514e-01	2.792012e-01	2.781437e-01	2.769326e-01	2.755223e-01	2.755368e-01	
7.250603e-01	7.474871e-01	7.444120e-01	7.390463e-01	7.340753e-01	7.292415e-01	7.243048e-01	7.190306e-01	7.131787e-01	7.064921e-01	7.025225e-01	
2.685979e-01	2.720324e-01	2.722591e-01	2.713907e-01	2.705521e-01	2.696982e-01	2.687844e-01	2.677673e-01	2.666025e-01	2.652361e-01	6.997301e-01	
2.580236e-01	2.544179e-01	2.543904e-01	2.558220e-01	2.570567e-01	2.581420e-01	2.591256e-01	2.600543e-01	2.609760e-01	2.619363e-01	6.950261e-01	
6.689602e-01	6.455852e-01	6.496514e-01	6.565114e-01	6.625312e-01	6.679772e-01	6.730987e-01	6.781390e-01	6.833474e-01	6.889908e-01	6.922330e-01	
2.472167e-01	6.426944e-01	2.437038e-01	2.450942e-01	2.462856e-01	2.473332e-01	2.482833e-01	2.491811e-01	2.500728e-01	2.510052e-01	2.507823e-01	
2.362701e-01	6.378248e-01	2.402879e-01	2.392696e-01	2.383011e-01	2.373344e-01	2.363203e-01	2.352106e-01	2.339559e-01	2.325074e-01	2.325476e-01	
6.108849e-01	6.349335e-01	6.315339e-01	6.256299e-01	6.201999e-01	6.149683e-01	6.096774e-01	6.040760e-01	5.979065e-01	5.908936e-01	5.867431e-01	
2.251059e-01	2.287918e-01	2.290102e-01	2.280166e-01	2.270746e-01	2.261358e-01	2.251522e-01	2.240771e-01	2.228628e-01	2.214526e-01	5.837626e-01	
2.138200e-01	2.099919e-01	2.099390e-01	2.114002e-01	2.126711e-01	2.138020e-01	2.148435e-01	2.158452e-01	2.168577e-01	2.179308e-01	5.787421e-01	
5.510091e-01	5.261731e-01	5.303956e-01	5.375404e-01	5.438411e-01	5.495811e-01	5.550254e-01	5.604326e-01	5.660678e-01	5.722145e-01	5.757611e-01	
2.023321e-01	5.231120e-01	1.985493e-01	1.999751e-01	2.012089e-01	2.023081e-01	2.033222e-01	2.042993e-01	2.052887e-01	2.063405e-01	2.061273e-01	
1.907408e-01	5.179556e-01	1.949322e-01	1.938076e-01	1.927542e-01	1.917205e-01	1.906546e-01	1.895060e-01	1.882227e-01	1.867532e-01	1.868186e-01	
4.895129e-01	5.148940e-01	5.112111e-01	5.048402e-01	4.990168e-01	4.934503e-01	4.878689e-01	4.820075e-01	4.755945e-01	4.683392e-01	4.640574e-01	
1.789637e-01	1.828567e-01	1.830642e-01	1.819575e-01	1.809235e-01	1.799111e-01	1.788696e-01	1.777495e-01	1.765001e-01	1.750629e-01	4.609248e-01	
1.671018e-01	1.630973e-01	1.630196e-01	1.644930e-01	1.657849e-01	1.669479e-01	1.680349e-01	1.690975e-01	1.701886e-01	1.713614e-01	4.556480e-01	
4.265809e-01	4.005823e-01	4.049106e-01	4.122547e-01	4.187609e-01	4.247262e-01	4.304279e-01	4.361370e-01	4.421309e-01	4.487069e-01	4.525150e-01	
1.550709e-01	3.973876e-01	1.510637e-01	1.525080e-01	1.537694e-01	1.549070e-01	1.559729e-01	1.570175e-01	1.580928e-01	1.592511e-01	1.590500e-01	
1.429739e-01	3.920061e-01	1.472889e-01	1.460715e-01	1.449460e-01	1.438577e-01	1.427529e-01	1.415790e-01	1.402823e-01	1.388094e-01	1.388990e-01	
3.624017e-01	3.888111e-01	3.848892e-01	3.781281e-01	3.719816e-01	3.661470e-01	3.603421e-01	3.542908e-01	3.477108e-01	3.402997e-01	3.359377e-01	
1.307251e-01	1.347785e-01	1.349726e-01	1.337663e-01	1.326529e-01	1.315792e-01	1.304923e-01	1.293405e-01	1.280709e-01	1.266237e-01	3.326904e-01	
1.184291e-01	1.142960e-01	1.141947e-01	1.156630e-01	1.169607e-01	1.181421e-01	1.192616e-01	1.203723e-01	1.215287e-01	1.227869e-01	3.272205e-01	
2.971667e-01	2.703160e-01	2.746990e-01	2.821555e-01	2.887903e-01	2.949100e-01	3.008012e-01	3.067437e-01	3.130241e-01	3.199495e-01	3.239729e-01	
1.059992e-01	2.670258e-01	1.018153e-01	1.032615e-01	1.045365e-01	1.057001e-01	1.068058e-01	1.079056e-01	1.090532e-01	1.103026e-01	1.101154e-01	
9.354136e-02	2.614836e-01	9.792732e-02	9.663290e-02	9.545138e-02	9.432453e-02	9.319622e-02	9.201179e-02	9.071570e-02	8.925317e-02	8.936389e-02	
2.310728e-01	2.581932e-01	2.540771e-01	2.470106e-01	2.406233e-01	2.346010e-01	2.286498e-01	2.224833e-01	2.158097e-01	2.083187e-01	2.039202e-01	
8.093435e-02	8.507421e-02	8.524341e-02	8.397735e-02	8.283216e-02	8.174544e-02	8.065542e-02	7.950176e-02	7.822276e-02	7.675045e-02	2.005965e-01	
6.828531e-02	6.398270e-02	6.384799e-02	6.536717e-02	6.675098e-02	6.803485e-02	6.925521e-02	7.044723e-02	7.164609e-02	7.288703e-02	1.949981e-01	
1.639646e-01	1.361581e-01	1.406111e-01	1.483500e-01	1.553694e-01	1.619139e-01	1.682104e-01	1.744786e-01	1.809404e-01	1.878279e-01	1.916743e-01	
5.666995e-02	1.327598e-01	5.006785e-02	5.201018e-02	5.397811e-02	5.583075e-02	5.761472e-02	5.939097e-02	6.122351e-02	6.318111e-02	6.246665e-02	
4.618554e-02	1.270357e-01	4.398140e-02	4.398140e-02	4.458664e-02	4.520288e-02	4.580027e-02	4.639573e-02	4.701386e-02	4.771464e-02	4.745692e-02	
1.082969e-01	1.236374e-01	1.082793e-01	1.057784e-01	1.055782e-01	1.055687e-01	1.055748e-01	1.055835e-01	1.056071e-01	1.058078e-01	1.069914e-01	
