2.131784e-12	
2.110374e-12	
2.088965e-12	
2.067555e-12	
2.046145e-12	
2.024735e-12	
2.003326e-12	
1.981916e-12	
1.960506e-12	
1.939097e-12	
1.917687e-12	
1.896278e-12	
1.874868e-12	
1.853459e-12	
1.832050e-12	
1.810641e-12	
1.789231e-12	
1.767822e-12	
1.746414e-12	
1.725005e-12	
1.703596e-12	
1.682187e-12	
1.660779e-12	
1.639371e-12	
1.617962e-12	
1.596554e-12	
1.575146e-12	
1.553738e-12	
1.532331e-12	
1.510923e-12	
1.489516e-12	
1.468108e-12	
1.446701e-12	
1.425294e-12	
1.403888e-12	
1.382481e-12	
1.361074e-12	
1.339668e-12	
1.318262e-12	
1.296856e-12	
1.275450e-12	
1.254045e-12	
1.232639e-12	
1.211234e-12	
1.189829e-12	
1.168424e-12	
1.147019e-12	
1.125615e-12	
1.104210e-12	
1.082806e-12	
1.061402e-12	
1.039998e-12	
1.018595e-12	
9.971911e-13	
9.757878e-13	
9.543847e-13	
9.329818e-13	
9.115790e-13	
8.901765e-13	
8.687741e-13	
8.473719e-13	
8.259699e-13	
8.045680e-13	
7.831663e-13	
7.617648e-13	
7.403635e-13	
7.189623e-13	
6.975613e-13	
6.761604e-13	
6.547597e-13	
6.333591e-13	
6.119587e-13	
5.905585e-13	
5.691584e-13	
5.477584e-13	
5.263586e-13	
5.049589e-13	
4.835593e-13	
4.621599e-13	
4.407606e-13	
4.193614e-13	
3.979623e-13	
3.765633e-13	
3.551644e-13	
3.337656e-13	
3.123670e-13	
2.909684e-13	
2.695699e-13	
2.481715e-13	
2.267731e-13	
2.053749e-13	
1.839767e-13	
1.625785e-13	
1.411805e-13	
1.197824e-13	
9.838446e-14	
7.698652e-14	
5.558863e-14	
3.419076e-14	
1.279293e-14	
