2.131787e-12	
2.110391e-12	
2.088994e-12	
2.067597e-12	
2.046200e-12	
2.024804e-12	
2.003407e-12	
1.982010e-12	
1.960613e-12	
1.939217e-12	
1.917820e-12	
1.896423e-12	
1.875026e-12	
1.853630e-12	
1.832233e-12	
1.810836e-12	
1.789439e-12	
1.768043e-12	
1.746646e-12	
1.725249e-12	
1.703853e-12	
1.682456e-12	
1.661059e-12	
1.639662e-12	
1.618266e-12	
1.596869e-12	
1.575472e-12	
1.554075e-12	
1.532679e-12	
1.511282e-12	
1.489885e-12	
1.468488e-12	
1.447092e-12	
1.425695e-12	
1.404298e-12	
1.382901e-12	
1.361505e-12	
1.340108e-12	
1.318711e-12	
1.297315e-12	
1.275918e-12	
1.254521e-12	
1.233124e-12	
1.211728e-12	
1.190331e-12	
1.168934e-12	
1.147537e-12	
1.126141e-12	
1.104744e-12	
1.083347e-12	
1.061950e-12	
1.040554e-12	
1.019157e-12	
9.977602e-13	
9.763635e-13	
9.549668e-13	
9.335700e-13	
9.121733e-13	
8.907766e-13	
8.693798e-13	
8.479831e-13	
8.265864e-13	
8.051896e-13	
7.837929e-13	
7.623962e-13	
7.409994e-13	
7.196027e-13	
6.982060e-13	
6.768093e-13	
6.554125e-13	
6.340158e-13	
6.126191e-13	
5.912224e-13	
5.698256e-13	
5.484289e-13	
5.270322e-13	
5.056355e-13	
4.842387e-13	
4.628420e-13	
4.414453e-13	
4.200486e-13	
3.986518e-13	
3.772551e-13	
3.558584e-13	
3.344617e-13	
3.130650e-13	
2.916682e-13	
2.702715e-13	
2.488748e-13	
2.274781e-13	
2.060814e-13	
1.846846e-13	
1.632879e-13	
1.418912e-13	
1.204945e-13	
9.909777e-14	
7.770106e-14	
5.630434e-14	
3.490763e-14	
1.351091e-14	
