2.931768e-02	2.934479e-02	2.937033e-02	2.937749e-02	2.937867e-02	2.937898e-02	2.937904e-02	2.937820e-02	2.937104e-02	2.931815e-02	2.912306e-02	
1.100463e-02	1.099146e-02	1.099204e-02	1.100484e-02	1.101469e-02	1.102327e-02	1.103102e-02	1.103806e-02	1.104308e-02	1.103479e-02	2.908078e-02	
1.087076e-02	1.079689e-02	1.079229e-02	1.082534e-02	1.085395e-02	1.087938e-02	1.090256e-02	1.092425e-02	1.094477e-02	1.096095e-02	2.900954e-02	
2.860694e-02	2.824354e-02	2.831101e-02	2.842586e-02	2.852647e-02	2.861615e-02	2.869796e-02	2.877486e-02	2.884979e-02	2.892590e-02	2.896724e-02	
1.071685e-02	2.819816e-02	1.066520e-02	1.069023e-02	1.071131e-02	1.072917e-02	1.074431e-02	1.075716e-02	1.076816e-02	1.077777e-02	1.077205e-02	
1.054418e-02	2.812169e-02	1.061234e-02	1.060028e-02	1.058758e-02	1.057352e-02	1.055719e-02	1.053773e-02	1.051423e-02	1.048579e-02	1.048419e-02	
2.769085e-02	2.807628e-02	2.803061e-02	2.794895e-02	2.787053e-02	2.779092e-02	2.770596e-02	2.761157e-02	2.750357e-02	2.737747e-02	2.730164e-02	
1.036431e-02	1.042311e-02	1.042875e-02	1.041823e-02	1.040685e-02	1.039383e-02	1.037842e-02	1.035986e-02	1.033740e-02	1.031001e-02	2.725265e-02	
1.017878e-02	1.011406e-02	1.011526e-02	1.014513e-02	1.017015e-02	1.019115e-02	1.020901e-02	1.022457e-02	1.023869e-02	1.025211e-02	2.717012e-02	
2.670652e-02	2.628834e-02	2.636809e-02	2.650112e-02	2.661564e-02	2.671638e-02	2.680782e-02	2.689427e-02	2.698021e-02	2.707038e-02	2.712110e-02	
9.985868e-03	2.623588e-02	9.926633e-03	9.955193e-03	9.978805e-03	9.998541e-03	1.001521e-02	1.002961e-02	1.004254e-02	1.005485e-02	1.004917e-02	
9.787215e-03	2.614751e-02	9.864646e-03	9.849499e-03	9.833917e-03	9.817099e-03	9.798124e-03	9.776087e-03	9.750068e-03	9.719162e-03	9.718256e-03	
2.565258e-02	2.609504e-02	2.603931e-02	2.594073e-02	2.584747e-02	2.575445e-02	2.565691e-02	2.555024e-02	2.542967e-02	2.529014e-02	2.520668e-02	
9.581421e-03	9.649028e-03	9.654701e-03	9.640594e-03	9.626122e-03	9.610397e-03	9.592549e-03	9.571729e-03	9.547070e-03	9.517447e-03	2.515092e-02	
9.370238e-03	9.297241e-03	9.297841e-03	9.329670e-03	9.356608e-03	9.379613e-03	9.399658e-03	9.417698e-03	9.434706e-03	9.451549e-03	2.505697e-02	
2.453216e-02	2.405986e-02	2.414678e-02	2.429238e-02	2.441864e-02	2.453093e-02	2.463428e-02	2.473359e-02	2.483391e-02	2.494061e-02	2.500118e-02	
9.152176e-03	2.400095e-02	9.083649e-03	9.114244e-03	9.139876e-03	9.161718e-03	9.180692e-03	9.197701e-03	9.213668e-03	9.229538e-03	9.223887e-03	
8.929088e-03	2.390171e-02	9.014037e-03	8.995547e-03	8.977162e-03	8.957954e-03	8.936899e-03	8.912994e-03	8.885218e-03	8.852562e-03	8.852271e-03	
2.334858e-02	2.384278e-02	2.377755e-02	2.366304e-02	2.355596e-02	2.345065e-02	2.334179e-02	2.322422e-02	2.309265e-02	2.294140e-02	2.285129e-02	
8.699403e-03	8.775007e-03	8.780619e-03	8.763034e-03	8.745618e-03	8.727376e-03	8.707332e-03	8.684533e-03	8.658005e-03	8.626528e-03	2.278941e-02	
8.465074e-03	8.384664e-03	8.384646e-03	8.418032e-03	8.446564e-03	8.471297e-03	8.493301e-03	8.513620e-03	8.533326e-03	8.553408e-03	2.268517e-02	
2.210536e-02	2.158456e-02	2.167759e-02	2.183404e-02	2.197054e-02	2.209303e-02	2.220707e-02	2.231808e-02	2.243160e-02	2.255357e-02	2.262327e-02	
8.224449e-03	2.151989e-02	8.147442e-03	8.179706e-03	8.207052e-03	8.230740e-03	8.251795e-03	8.271216e-03	8.290028e-03	8.309276e-03	8.303720e-03	
7.979573e-03	2.141096e-02	8.071030e-03	8.049416e-03	8.028447e-03	8.007077e-03	7.984191e-03	7.958703e-03	7.929500e-03	7.895482e-03	7.895810e-03	
2.080619e-02	2.134627e-02	2.127231e-02	2.114323e-02	2.102361e-02	2.090725e-02	2.078836e-02	2.066130e-02	2.052027e-02	2.035910e-02	2.026341e-02	
7.728722e-03	7.811426e-03	7.816909e-03	7.796056e-03	7.775902e-03	7.755360e-03	7.733358e-03	7.708851e-03	7.680769e-03	7.647811e-03	2.019615e-02	
7.474027e-03	7.387159e-03	7.386523e-03	7.421071e-03	7.450858e-03	7.477026e-03	7.500726e-03	7.523084e-03	7.545254e-03	7.568336e-03	2.008285e-02	
1.945492e-02	1.889178e-02	1.898985e-02	1.915527e-02	1.930039e-02	1.943164e-02	1.955502e-02	1.967640e-02	1.980177e-02	1.993757e-02	2.001558e-02	
7.213695e-03	1.882213e-02	7.129120e-03	7.162672e-03	7.191408e-03	7.216661e-03	7.239546e-03	7.261148e-03	7.282583e-03	7.304980e-03	7.299586e-03	
6.949937e-03	1.870480e-02	7.046817e-03	7.022335e-03	6.999030e-03	6.975751e-03	6.951307e-03	6.924538e-03	6.894254e-03	6.859278e-03	6.860221e-03	
1.805557e-02	1.863513e-02	1.855331e-02	1.841119e-02	1.828044e-02	1.815442e-02	1.802691e-02	1.789186e-02	1.774306e-02	1.757388e-02	1.747374e-02	
6.680895e-03	6.769718e-03	6.775008e-03	6.751134e-03	6.728481e-03	6.705882e-03	6.682184e-03	6.656259e-03	6.626955e-03	6.592908e-03	1.740190e-02	
6.408856e-03	6.316559e-03	6.315313e-03	6.350613e-03	6.381303e-03	6.408595e-03	6.433710e-03	6.457842e-03	6.482213e-03	6.508021e-03	1.728088e-02	
1.661229e-02	1.601350e-02	1.611542e-02	1.628786e-02	1.643988e-02	1.657833e-02	1.670959e-02	1.683989e-02	1.697563e-02	1.712364e-02	1.720903e-02	
6.131905e-03	1.593968e-02	6.040766e-03	6.075208e-03	6.104992e-03	6.131511e-03	6.155954e-03	6.179482e-03	6.203285e-03	6.228565e-03	6.223395e-03	
5.852392e-03	1.581534e-02	5.953547e-03	5.926489e-03	5.901124e-03	5.876212e-03	5.850500e-03	5.822766e-03	5.791761e-03	5.756242e-03	5.757788e-03	
1.512936e-02	1.574151e-02	1.565281e-02	1.549934e-02	1.535901e-02	1.522482e-02	1.509020e-02	1.494877e-02	1.479396e-02	1.461878e-02	1.451538e-02	
5.568352e-03	5.662240e-03	5.667274e-03	5.640662e-03	5.615780e-03	5.591393e-03	5.566279e-03	5.539244e-03	5.509066e-03	5.474333e-03	1.443980e-02	
5.282196e-03	5.185565e-03	5.183724e-03	5.219357e-03	5.250585e-03	5.278678e-03	5.304910e-03	5.330530e-03	5.356812e-03	5.385041e-03	1.431251e-02	
1.361117e-02	1.298383e-02	1.308840e-02	1.326581e-02	1.342294e-02	1.356694e-02	1.370452e-02	1.384221e-02	1.398670e-02	1.414517e-02	1.423692e-02	
4.991909e-03	1.290673e-02	4.895289e-03	4.930211e-03	4.960692e-03	4.988162e-03	5.013873e-03	5.039047e-03	5.064935e-03	5.092799e-03	5.087915e-03	
4.699958e-03	1.277685e-02	4.804188e-03	4.774874e-03	4.747752e-03	4.721501e-03	4.694826e-03	4.666457e-03	4.635098e-03	4.599457e-03	4.601587e-03	
1.206224e-02	1.269974e-02	1.260521e-02	1.244221e-02	1.229397e-02	1.215320e-02	1.201307e-02	1.186692e-02	1.170794e-02	1.152883e-02	1.142340e-02	
4.404286e-03	4.502125e-03	4.506844e-03	4.477812e-03	4.450997e-03	4.425112e-03	4.398881e-03	4.371056e-03	4.340362e-03	4.305352e-03	1.134499e-02	
4.107404e-03	4.007583e-03	4.005170e-03	4.040718e-03	4.072119e-03	4.100682e-03	4.127724e-03	4.154526e-03	4.182406e-03	4.212715e-03	1.121292e-02	
1.048715e-02	9.838687e-03	9.944683e-03	1.012498e-02	1.028535e-02	1.043321e-02	1.057549e-02	1.071893e-02	1.087046e-02	1.103749e-02	1.113451e-02	
3.807227e-03	9.759211e-03	3.706259e-03	3.741261e-03	3.772100e-03	3.800223e-03	3.826918e-03	3.853445e-03	3.881097e-03	3.911182e-03	3.906624e-03	
3.506303e-03	9.625337e-03	3.612343e-03	3.581147e-03	3.552650e-03	3.525446e-03	3.498179e-03	3.469528e-03	3.438152e-03	3.402726e-03	3.405366e-03	
8.890623e-03	9.545855e-03	9.446556e-03	9.276042e-03	9.121868e-03	8.976438e-03	8.832653e-03	8.683593e-03	8.522205e-03	8.340997e-03	8.234575e-03	
3.201712e-03	3.301726e-03	3.305849e-03	3.275351e-03	3.247746e-03	3.221524e-03	3.195196e-03	3.167301e-03	3.136351e-03	3.100700e-03	8.154255e-03	
2.896034e-03	2.792026e-03	2.788805e-03	2.825614e-03	2.859124e-03	2.890191e-03	2.919696e-03	2.948488e-03	2.977419e-03	3.007337e-03	8.018963e-03	
7.268872e-03	6.596725e-03	6.704507e-03	6.891782e-03	7.061593e-03	7.219857e-03	7.372054e-03	7.523499e-03	7.679549e-03	7.845815e-03	7.938639e-03	
2.615295e-03	6.514567e-03	2.455749e-03	2.502760e-03	2.550368e-03	2.595169e-03	2.638291e-03	2.681206e-03	2.725460e-03	2.772717e-03	2.755415e-03	
2.361841e-03	6.376178e-03	2.308576e-03	2.308595e-03	2.323238e-03	2.338140e-03	2.352580e-03	2.366966e-03	2.381893e-03	2.398812e-03	2.392575e-03	
5.923133e-03	6.294016e-03	5.922709e-03	5.862245e-03	5.857405e-03	5.857175e-03	5.857323e-03	5.857532e-03	5.858104e-03	5.862956e-03	5.891571e-03	
