2.131785e-12	
2.110390e-12	
2.088994e-12	
2.067598e-12	
2.046203e-12	
2.024807e-12	
2.003411e-12	
1.982016e-12	
1.960620e-12	
1.939224e-12	
1.917828e-12	
1.896433e-12	
1.875037e-12	
1.853641e-12	
1.832246e-12	
1.810850e-12	
1.789454e-12	
1.768059e-12	
1.746663e-12	
1.725267e-12	
1.703872e-12	
1.682476e-12	
1.661080e-12	
1.639685e-12	
1.618289e-12	
1.596893e-12	
1.575498e-12	
1.554102e-12	
1.532706e-12	
1.511311e-12	
1.489915e-12	
1.468519e-12	
1.447123e-12	
1.425728e-12	
1.404332e-12	
1.382936e-12	
1.361541e-12	
1.340145e-12	
1.318749e-12	
1.297354e-12	
1.275958e-12	
1.254562e-12	
1.233167e-12	
1.211771e-12	
1.190375e-12	
1.168980e-12	
1.147584e-12	
1.126188e-12	
1.104793e-12	
1.083397e-12	
1.062001e-12	
1.040606e-12	
1.019210e-12	
9.978143e-13	
9.764186e-13	
9.550229e-13	
9.336272e-13	
9.122316e-13	
8.908359e-13	
8.694402e-13	
8.480445e-13	
8.266489e-13	
8.052532e-13	
7.838575e-13	
7.624618e-13	
7.410662e-13	
7.196705e-13	
6.982748e-13	
6.768792e-13	
6.554835e-13	
6.340878e-13	
6.126921e-13	
5.912965e-13	
5.699008e-13	
5.485051e-13	
5.271095e-13	
5.057138e-13	
4.843181e-13	
4.629224e-13	
4.415268e-13	
4.201311e-13	
3.987354e-13	
3.773398e-13	
3.559441e-13	
3.345484e-13	
3.131528e-13	
2.917571e-13	
2.703614e-13	
2.489658e-13	
2.275701e-13	
2.061744e-13	
1.847788e-13	
1.633831e-13	
1.419874e-13	
1.205918e-13	
9.919612e-14	
7.780046e-14	
5.640480e-14	
3.500913e-14	
1.361347e-14	
