4.740473e-03	4.742244e-03	4.743914e-03	4.744382e-03	4.744459e-03	4.744479e-03	4.744483e-03	4.744428e-03	4.743960e-03	4.740503e-03	4.727753e-03	
1.783192e-03	1.782332e-03	1.782370e-03	1.783207e-03	1.783851e-03	1.784411e-03	1.784918e-03	1.785377e-03	1.785705e-03	1.785164e-03	4.724989e-03	
1.774443e-03	1.769616e-03	1.769316e-03	1.771476e-03	1.773346e-03	1.775009e-03	1.776523e-03	1.777941e-03	1.779281e-03	1.780338e-03	4.720334e-03	
4.694019e-03	4.670267e-03	4.674678e-03	4.682188e-03	4.688766e-03	4.694628e-03	4.699975e-03	4.705000e-03	4.709896e-03	4.714868e-03	4.717569e-03	
1.764386e-03	4.667300e-03	1.761012e-03	1.762648e-03	1.764027e-03	1.765195e-03	1.766184e-03	1.767023e-03	1.767741e-03	1.768367e-03	1.767994e-03	
1.753100e-03	4.662302e-03	1.757557e-03	1.756770e-03	1.755941e-03	1.755022e-03	1.753955e-03	1.752682e-03	1.751144e-03	1.749284e-03	1.749178e-03	
4.634136e-03	4.659334e-03	4.656351e-03	4.651018e-03	4.645895e-03	4.640692e-03	4.635138e-03	4.628966e-03	4.621901e-03	4.613652e-03	4.608691e-03	
1.741344e-03	1.745187e-03	1.745556e-03	1.744872e-03	1.744129e-03	1.743279e-03	1.742272e-03	1.741059e-03	1.739589e-03	1.737796e-03	4.605488e-03	
1.729213e-03	1.724981e-03	1.725060e-03	1.727017e-03	1.728655e-03	1.730030e-03	1.731198e-03	1.732214e-03	1.733136e-03	1.734011e-03	4.600091e-03	
4.569774e-03	4.542424e-03	4.547646e-03	4.556355e-03	4.563850e-03	4.570441e-03	4.576421e-03	4.582072e-03	4.587686e-03	4.593575e-03	4.596886e-03	
1.716600e-03	4.538993e-03	1.712730e-03	1.714600e-03	1.716147e-03	1.717438e-03	1.718528e-03	1.719468e-03	1.720311e-03	1.721112e-03	1.720739e-03	
1.703606e-03	4.533212e-03	1.708676e-03	1.707688e-03	1.706671e-03	1.705572e-03	1.704330e-03	1.702887e-03	1.701182e-03	1.699155e-03	1.699094e-03	
4.500831e-03	4.529780e-03	4.526142e-03	4.519703e-03	4.513609e-03	4.507526e-03	4.501145e-03	4.494161e-03	4.486265e-03	4.477123e-03	4.471654e-03	
1.690144e-03	1.694567e-03	1.694940e-03	1.694022e-03	1.693079e-03	1.692052e-03	1.690885e-03	1.689522e-03	1.687905e-03	1.685963e-03	4.468004e-03	
1.676323e-03	1.671544e-03	1.671586e-03	1.673675e-03	1.675443e-03	1.676951e-03	1.678263e-03	1.679443e-03	1.680553e-03	1.681651e-03	4.461856e-03	
4.427499e-03	4.396576e-03	4.402277e-03	4.411825e-03	4.420101e-03	4.427458e-03	4.434224e-03	4.440721e-03	4.447279e-03	4.454249e-03	4.458205e-03	
1.662050e-03	4.392718e-03	1.657569e-03	1.659578e-03	1.661260e-03	1.662691e-03	1.663933e-03	1.665044e-03	1.666084e-03	1.667116e-03	1.666744e-03	
1.647440e-03	4.386218e-03	1.653011e-03	1.651806e-03	1.650606e-03	1.649349e-03	1.647969e-03	1.646401e-03	1.644576e-03	1.642430e-03	1.642407e-03	
4.349982e-03	4.382359e-03	4.378098e-03	4.370614e-03	4.363612e-03	4.356718e-03	4.349586e-03	4.341877e-03	4.333244e-03	4.323316e-03	4.317399e-03	
1.632396e-03	1.637348e-03	1.637719e-03	1.636575e-03	1.635440e-03	1.634248e-03	1.632935e-03	1.631440e-03	1.629697e-03	1.627628e-03	4.313344e-03	
1.617038e-03	1.611765e-03	1.611768e-03	1.613965e-03	1.615842e-03	1.617467e-03	1.618910e-03	1.620240e-03	1.621528e-03	1.622837e-03	4.306511e-03	
4.268496e-03	4.234343e-03	4.240460e-03	4.250741e-03	4.259707e-03	4.267746e-03	4.275224e-03	4.282495e-03	4.289923e-03	4.297899e-03	4.302454e-03	
1.601264e-03	4.230101e-03	1.596223e-03	1.598346e-03	1.600145e-03	1.601700e-03	1.603080e-03	1.604349e-03	1.605576e-03	1.606828e-03	1.606460e-03	
1.585201e-03	4.222955e-03	1.591211e-03	1.589801e-03	1.588431e-03	1.587031e-03	1.585528e-03	1.583852e-03	1.581928e-03	1.579685e-03	1.579702e-03	
4.183266e-03	4.218712e-03	4.213875e-03	4.205430e-03	4.197597e-03	4.189968e-03	4.182166e-03	4.173817e-03	4.164544e-03	4.153939e-03	4.147639e-03	
1.568740e-03	1.574167e-03	1.574531e-03	1.573174e-03	1.571859e-03	1.570516e-03	1.569072e-03	1.567461e-03	1.565612e-03	1.563439e-03	4.143223e-03	
1.552016e-03	1.546308e-03	1.546271e-03	1.548553e-03	1.550518e-03	1.552242e-03	1.553800e-03	1.555266e-03	1.556716e-03	1.558222e-03	4.135783e-03	
4.094531e-03	4.057528e-03	4.063992e-03	4.074892e-03	4.084448e-03	4.093082e-03	4.101188e-03	4.109152e-03	4.117369e-03	4.126260e-03	4.131365e-03	
1.534916e-03	4.052949e-03	1.529370e-03	1.531586e-03	1.533481e-03	1.535143e-03	1.536645e-03	1.538060e-03	1.539459e-03	1.540917e-03	1.540557e-03	
1.517577e-03	4.045235e-03	1.523961e-03	1.522362e-03	1.520837e-03	1.519309e-03	1.517701e-03	1.515935e-03	1.513933e-03	1.511619e-03	1.511675e-03	
4.002534e-03	4.040655e-03	4.035297e-03	4.025984e-03	4.017407e-03	4.009128e-03	4.000741e-03	3.991846e-03	3.982034e-03	3.970870e-03	3.964258e-03	
1.499884e-03	1.505725e-03	1.506079e-03	1.504523e-03	1.503044e-03	1.501563e-03	1.500006e-03	1.498297e-03	1.496361e-03	1.494109e-03	3.959529e-03	
1.481979e-03	1.475899e-03	1.475823e-03	1.478164e-03	1.480196e-03	1.481999e-03	1.483655e-03	1.485240e-03	1.486836e-03	1.488522e-03	3.951564e-03	
3.907532e-03	3.868088e-03	3.874829e-03	3.886228e-03	3.896268e-03	3.905400e-03	3.914045e-03	3.922614e-03	3.931528e-03	3.941237e-03	3.946834e-03	
1.463742e-03	3.863223e-03	1.457753e-03	1.460036e-03	1.462007e-03	1.463758e-03	1.465366e-03	1.466909e-03	1.468465e-03	1.470113e-03	1.469766e-03	
1.445320e-03	3.855027e-03	1.452006e-03	1.450236e-03	1.448573e-03	1.446935e-03	1.445238e-03	1.443402e-03	1.441345e-03	1.438984e-03	1.439079e-03	
3.809787e-03	3.850161e-03	3.844341e-03	3.834263e-03	3.825038e-03	3.816201e-03	3.807322e-03	3.797978e-03	3.787737e-03	3.776136e-03	3.769285e-03	
1.426589e-03	1.432780e-03	1.433119e-03	1.431383e-03	1.429756e-03	1.428154e-03	1.426499e-03	1.424712e-03	1.422711e-03	1.420404e-03	3.764296e-03	
1.407701e-03	1.401316e-03	1.401203e-03	1.403577e-03	1.405654e-03	1.407517e-03	1.409251e-03	1.410938e-03	1.412664e-03	1.414511e-03	3.755893e-03	
3.709569e-03	3.668120e-03	3.675063e-03	3.686834e-03	3.697248e-03	3.706779e-03	3.715867e-03	3.724946e-03	3.734458e-03	3.744877e-03	3.750904e-03	
1.388529e-03	3.663022e-03	1.382164e-03	1.384489e-03	1.386514e-03	1.388334e-03	1.390031e-03	1.391685e-03	1.393381e-03	1.395200e-03	1.394869e-03	
1.369227e-03	3.654435e-03	1.376142e-03	1.374221e-03	1.372439e-03	1.370707e-03	1.368941e-03	1.367055e-03	1.364965e-03	1.362584e-03	1.362716e-03	
3.607154e-03	3.649336e-03	3.643119e-03	3.632388e-03	3.622616e-03	3.613319e-03	3.604046e-03	3.594356e-03	3.583798e-03	3.571888e-03	3.564872e-03	
1.349666e-03	1.356138e-03	1.356459e-03	1.354562e-03	1.352804e-03	1.351100e-03	1.349366e-03	1.347520e-03	1.345476e-03	1.343139e-03	3.559679e-03	
1.330003e-03	1.323384e-03	1.323234e-03	1.325615e-03	1.327714e-03	1.329617e-03	1.331411e-03	1.333182e-03	1.335016e-03	1.337004e-03	3.550931e-03	
3.502824e-03	3.459825e-03	3.466895e-03	3.478912e-03	3.489586e-03	3.499410e-03	3.508842e-03	3.518331e-03	3.528336e-03	3.539347e-03	3.545738e-03	
1.310107e-03	3.454551e-03	1.303435e-03	1.305778e-03	1.307836e-03	1.309707e-03	1.311475e-03	1.313223e-03	1.315038e-03	1.317006e-03	1.316694e-03	
1.290138e-03	3.445667e-03	1.297203e-03	1.295155e-03	1.293277e-03	1.291476e-03	1.289663e-03	1.287750e-03	1.285647e-03	1.283266e-03	1.283431e-03	
3.396868e-03	3.440392e-03	3.433841e-03	3.422582e-03	3.412386e-03	3.402748e-03	3.393196e-03	3.383271e-03	3.372503e-03	3.360396e-03	3.353279e-03	
1.269908e-03	1.276549e-03	1.276834e-03	1.274837e-03	1.273023e-03	1.271292e-03	1.269546e-03	1.267686e-03	1.265615e-03	1.263222e-03	3.347937e-03	
1.249581e-03	1.242655e-03	1.242452e-03	1.244931e-03	1.247182e-03	1.249261e-03	1.251227e-03	1.253137e-03	1.255048e-03	1.257014e-03	3.338940e-03	
3.289013e-03	3.244255e-03	3.251481e-03	3.264022e-03	3.275375e-03	3.285936e-03	3.296069e-03	3.306129e-03	3.316471e-03	3.327468e-03	3.333598e-03	
1.230902e-03	3.238780e-03	1.220294e-03	1.223444e-03	1.226626e-03	1.229615e-03	1.232486e-03	1.235336e-03	1.238268e-03	1.241394e-03	1.240232e-03	
1.214019e-03	3.229556e-03	1.210478e-03	1.210485e-03	1.211464e-03	1.212458e-03	1.213419e-03	1.214375e-03	1.215364e-03	1.216483e-03	1.216065e-03	
3.199360e-03	3.224080e-03	3.199332e-03	3.195302e-03	3.194979e-03	3.194964e-03	3.194974e-03	3.194988e-03	3.195026e-03	3.195349e-03	3.197256e-03	
