2.131783e-12	
2.110388e-12	
2.088994e-12	
2.067599e-12	
2.046204e-12	
2.024810e-12	
2.003415e-12	
1.982021e-12	
1.960626e-12	
1.939231e-12	
1.917837e-12	
1.896442e-12	
1.875048e-12	
1.853653e-12	
1.832258e-12	
1.810864e-12	
1.789469e-12	
1.768075e-12	
1.746680e-12	
1.725285e-12	
1.703891e-12	
1.682496e-12	
1.661102e-12	
1.639707e-12	
1.618312e-12	
1.596918e-12	
1.575523e-12	
1.554128e-12	
1.532734e-12	
1.511339e-12	
1.489945e-12	
1.468550e-12	
1.447155e-12	
1.425761e-12	
1.404366e-12	
1.382972e-12	
1.361577e-12	
1.340182e-12	
1.318788e-12	
1.297393e-12	
1.275999e-12	
1.254604e-12	
1.233209e-12	
1.211815e-12	
1.190420e-12	
1.169026e-12	
1.147631e-12	
1.126236e-12	
1.104842e-12	
1.083447e-12	
1.062053e-12	
1.040658e-12	
1.019263e-12	
9.978689e-13	
9.764743e-13	
9.550797e-13	
9.336851e-13	
9.122905e-13	
8.908959e-13	
8.695013e-13	
8.481067e-13	
8.267121e-13	
8.053175e-13	
7.839229e-13	
7.625283e-13	
7.411337e-13	
7.197391e-13	
6.983445e-13	
6.769499e-13	
6.555553e-13	
6.341607e-13	
6.127661e-13	
5.913715e-13	
5.699769e-13	
5.485823e-13	
5.271877e-13	
5.057931e-13	
4.843985e-13	
4.630039e-13	
4.416094e-13	
4.202148e-13	
3.988202e-13	
3.774256e-13	
3.560310e-13	
3.346364e-13	
3.132418e-13	
2.918472e-13	
2.704526e-13	
2.490580e-13	
2.276634e-13	
2.062688e-13	
1.848743e-13	
1.634797e-13	
1.420851e-13	
1.206905e-13	
9.929590e-14	
7.790131e-14	
5.650673e-14	
3.511214e-14	
1.371755e-14	
