2.876035e-03	2.876197e-03	2.876350e-03	2.876392e-03	2.876399e-03	2.876401e-03	2.876402e-03	2.876397e-03	2.876354e-03	2.876038e-03	2.874874e-03	
1.083194e-03	1.083116e-03	1.083119e-03	1.083196e-03	1.083254e-03	1.083306e-03	1.083352e-03	1.083394e-03	1.083423e-03	1.083374e-03	2.874622e-03	
1.082395e-03	1.081955e-03	1.081928e-03	1.082126e-03	1.082297e-03	1.082448e-03	1.082587e-03	1.082716e-03	1.082838e-03	1.082934e-03	2.874196e-03	
2.871793e-03	2.869622e-03	2.870027e-03	2.870715e-03	2.871317e-03	2.871853e-03	2.872341e-03	2.872800e-03	2.873246e-03	2.873698e-03	2.873944e-03	
1.081478e-03	2.869351e-03	1.081171e-03	1.081321e-03	1.081448e-03	1.081554e-03	1.081645e-03	1.081721e-03	1.081786e-03	1.081842e-03	1.081808e-03	
1.080447e-03	2.868894e-03	1.080856e-03	1.080785e-03	1.080710e-03	1.080626e-03	1.080528e-03	1.080412e-03	1.080270e-03	1.080098e-03	1.080088e-03	
2.866317e-03	2.868623e-03	2.868353e-03	2.867868e-03	2.867402e-03	2.866927e-03	2.866419e-03	2.865853e-03	2.865204e-03	2.864445e-03	2.863988e-03	
1.079373e-03	1.079724e-03	1.079759e-03	1.079698e-03	1.079631e-03	1.079554e-03	1.079463e-03	1.079351e-03	1.079216e-03	1.079050e-03	2.863694e-03	
1.078262e-03	1.077874e-03	1.077882e-03	1.078064e-03	1.078215e-03	1.078342e-03	1.078450e-03	1.078542e-03	1.078626e-03	1.078704e-03	2.863200e-03	
2.860418e-03	2.857907e-03	2.858391e-03	2.859197e-03	2.859889e-03	2.860496e-03	2.861045e-03	2.861561e-03	2.862072e-03	2.862607e-03	2.862906e-03	
1.077106e-03	2.857592e-03	1.076754e-03	1.076928e-03	1.077071e-03	1.077190e-03	1.077290e-03	1.077375e-03	1.077450e-03	1.077521e-03	1.077486e-03	
1.075912e-03	2.857061e-03	1.076382e-03	1.076294e-03	1.076202e-03	1.076101e-03	1.075987e-03	1.075853e-03	1.075693e-03	1.075504e-03	1.075497e-03	
2.854078e-03	2.856745e-03	2.856415e-03	2.855831e-03	2.855275e-03	2.854718e-03	2.854130e-03	2.853484e-03	2.852750e-03	2.851899e-03	2.851389e-03	
1.074674e-03	1.075081e-03	1.075117e-03	1.075036e-03	1.074952e-03	1.074859e-03	1.074752e-03	1.074626e-03	1.074475e-03	1.074292e-03	2.851052e-03	
1.073399e-03	1.072956e-03	1.072962e-03	1.073159e-03	1.073326e-03	1.073467e-03	1.073589e-03	1.073697e-03	1.073797e-03	1.073895e-03	2.850484e-03	
2.847305e-03	2.844441e-03	2.844977e-03	2.845872e-03	2.846646e-03	2.847331e-03	2.847957e-03	2.848555e-03	2.849154e-03	2.849789e-03	2.850147e-03	
1.072080e-03	2.844083e-03	1.071669e-03	1.071859e-03	1.072017e-03	1.072151e-03	1.072265e-03	1.072366e-03	1.072459e-03	1.072550e-03	1.072514e-03	
1.070724e-03	2.843480e-03	1.071247e-03	1.071139e-03	1.071030e-03	1.070915e-03	1.070786e-03	1.070638e-03	1.070465e-03	1.070260e-03	1.070255e-03	
2.840108e-03	2.843122e-03	2.842734e-03	2.842051e-03	2.841408e-03	2.840771e-03	2.840107e-03	2.839385e-03	2.838572e-03	2.837634e-03	2.837073e-03	
1.069326e-03	1.069786e-03	1.069823e-03	1.069723e-03	1.069621e-03	1.069512e-03	1.069391e-03	1.069250e-03	1.069085e-03	1.068887e-03	2.836694e-03	
1.067892e-03	1.067398e-03	1.067401e-03	1.067613e-03	1.067793e-03	1.067948e-03	1.068083e-03	1.068206e-03	1.068323e-03	1.068440e-03	2.836056e-03	
2.832496e-03	2.829294e-03	2.829878e-03	2.830859e-03	2.831710e-03	2.832469e-03	2.833170e-03	2.833845e-03	2.834531e-03	2.835261e-03	2.835677e-03	
1.066417e-03	2.828895e-03	1.065950e-03	1.066155e-03	1.066328e-03	1.066475e-03	1.066604e-03	1.066720e-03	1.066830e-03	1.066940e-03	1.066903e-03	
1.064907e-03	2.828223e-03	1.065480e-03	1.065353e-03	1.065228e-03	1.065098e-03	1.064956e-03	1.064795e-03	1.064608e-03	1.064389e-03	1.064387e-03	
2.824478e-03	2.827823e-03	2.827380e-03	2.826602e-03	2.825876e-03	2.825162e-03	2.824426e-03	2.823631e-03	2.822742e-03	2.821721e-03	2.821113e-03	
1.063355e-03	1.063867e-03	1.063904e-03	1.063785e-03	1.063666e-03	1.063543e-03	1.063407e-03	1.063253e-03	1.063074e-03	1.062862e-03	2.820694e-03	
1.061771e-03	1.061227e-03	1.061227e-03	1.061453e-03	1.061646e-03	1.061814e-03	1.061962e-03	1.062100e-03	1.062233e-03	1.062368e-03	2.819989e-03	
2.816066e-03	2.812541e-03	2.813172e-03	2.814233e-03	2.815158e-03	2.815987e-03	2.816759e-03	2.817509e-03	2.818276e-03	2.819100e-03	2.819570e-03	
1.060146e-03	2.812104e-03	1.059627e-03	1.059846e-03	1.060031e-03	1.060192e-03	1.060334e-03	1.060465e-03	1.060591e-03	1.060720e-03	1.060682e-03	
1.058489e-03	2.811366e-03	1.059110e-03	1.058966e-03	1.058825e-03	1.058681e-03	1.058526e-03	1.058352e-03	1.058153e-03	1.057921e-03	1.057922e-03	
2.807269e-03	2.810928e-03	2.810431e-03	2.809563e-03	2.808756e-03	2.807970e-03	2.807164e-03	2.806301e-03	2.805342e-03	2.804243e-03	2.803590e-03	
1.056793e-03	1.057353e-03	1.057391e-03	1.057253e-03	1.057118e-03	1.056981e-03	1.056832e-03	1.056665e-03	1.056473e-03	1.056248e-03	2.803134e-03	
1.055066e-03	1.054476e-03	1.054473e-03	1.054712e-03	1.054916e-03	1.055096e-03	1.055257e-03	1.055408e-03	1.055556e-03	1.055709e-03	2.802365e-03	
2.798098e-03	2.794270e-03	2.794944e-03	2.796079e-03	2.797073e-03	2.797968e-03	2.798807e-03	2.799628e-03	2.800473e-03	2.801385e-03	2.801908e-03	
1.053300e-03	2.793795e-03	1.052730e-03	1.052962e-03	1.053160e-03	1.053332e-03	1.053487e-03	1.053632e-03	1.053774e-03	1.053922e-03	1.053883e-03	
1.051505e-03	2.792996e-03	1.052170e-03	1.052008e-03	1.051852e-03	1.051695e-03	1.051528e-03	1.051343e-03	1.051133e-03	1.050888e-03	1.050892e-03	
2.788566e-03	2.792522e-03	2.791973e-03	2.791018e-03	2.790136e-03	2.789281e-03	2.788410e-03	2.787483e-03	2.786457e-03	2.785286e-03	2.784592e-03	
1.049672e-03	1.050277e-03	1.050316e-03	1.050160e-03	1.050010e-03	1.049859e-03	1.049697e-03	1.049519e-03	1.049315e-03	1.049077e-03	2.784100e-03	
1.047811e-03	1.047177e-03	1.047171e-03	1.047421e-03	1.047637e-03	1.047827e-03	1.048000e-03	1.048164e-03	1.048327e-03	1.048497e-03	2.783271e-03	
2.778683e-03	2.774568e-03	2.775282e-03	2.776487e-03	2.777545e-03	2.778502e-03	2.779403e-03	2.780291e-03	2.781210e-03	2.782207e-03	2.782779e-03	
1.045913e-03	2.774060e-03	1.045294e-03	1.045538e-03	1.045747e-03	1.045931e-03	1.046099e-03	1.046257e-03	1.046414e-03	1.046578e-03	1.046540e-03	
1.043988e-03	2.773203e-03	1.044694e-03	1.044516e-03	1.044346e-03	1.044176e-03	1.043998e-03	1.043802e-03	1.043581e-03	1.043326e-03	1.043333e-03	
2.768461e-03	2.772694e-03	2.772097e-03	2.771061e-03	2.770107e-03	2.769187e-03	2.768256e-03	2.767269e-03	2.766181e-03	2.764944e-03	2.764211e-03	
1.042027e-03	1.042675e-03	1.042714e-03	1.042541e-03	1.042376e-03	1.042212e-03	1.042039e-03	1.041850e-03	1.041635e-03	1.041386e-03	2.763686e-03	
1.040040e-03	1.039366e-03	1.039358e-03	1.039618e-03	1.039844e-03	1.040044e-03	1.040228e-03	1.040403e-03	1.040580e-03	1.040767e-03	2.762802e-03	
2.757913e-03	2.753533e-03	2.754284e-03	2.755552e-03	2.756669e-03	2.757684e-03	2.758644e-03	2.759594e-03	2.760582e-03	2.761657e-03	2.762277e-03	
1.038019e-03	2.752993e-03	1.037356e-03	1.037611e-03	1.037831e-03	1.038025e-03	1.038204e-03	1.038374e-03	1.038546e-03	1.038727e-03	1.038688e-03	
1.035974e-03	2.752082e-03	1.036719e-03	1.036524e-03	1.036341e-03	1.036161e-03	1.035972e-03	1.035767e-03	1.035537e-03	1.035271e-03	1.035280e-03	
2.747052e-03	2.751542e-03	2.750899e-03	2.749786e-03	2.748767e-03	2.747789e-03	2.746803e-03	2.745762e-03	2.744617e-03	2.743317e-03	2.742548e-03	
1.033889e-03	1.034573e-03	1.034610e-03	1.034425e-03	1.034252e-03	1.034081e-03	1.033903e-03	1.033706e-03	1.033481e-03	1.033217e-03	2.741992e-03	
1.031776e-03	1.031049e-03	1.031036e-03	1.031317e-03	1.031567e-03	1.031793e-03	1.032000e-03	1.032195e-03	1.032384e-03	1.032572e-03	2.741056e-03	
2.735832e-03	2.731136e-03	2.731929e-03	2.733296e-03	2.734520e-03	2.735645e-03	2.736707e-03	2.737745e-03	2.738794e-03	2.739894e-03	2.740501e-03	
1.029827e-03	2.730558e-03	1.028725e-03	1.029070e-03	1.029413e-03	1.029731e-03	1.030031e-03	1.030325e-03	1.030622e-03	1.030935e-03	1.030805e-03	
1.028051e-03	2.729584e-03	1.027684e-03	1.027689e-03	1.027795e-03	1.027900e-03	1.028001e-03	1.028099e-03	1.028199e-03	1.028311e-03	1.028266e-03	
2.726394e-03	2.729005e-03	2.726392e-03	2.725966e-03	2.725932e-03	2.725930e-03	2.725931e-03	2.725933e-03	2.725937e-03	2.725971e-03	2.726172e-03	
