2.131785e-12	
2.110389e-12	
2.088994e-12	
2.067598e-12	
2.046203e-12	
2.024808e-12	
2.003412e-12	
1.982017e-12	
1.960622e-12	
1.939226e-12	
1.917831e-12	
1.896436e-12	
1.875040e-12	
1.853645e-12	
1.832250e-12	
1.810854e-12	
1.789459e-12	
1.768063e-12	
1.746668e-12	
1.725273e-12	
1.703877e-12	
1.682482e-12	
1.661087e-12	
1.639691e-12	
1.618296e-12	
1.596901e-12	
1.575505e-12	
1.554110e-12	
1.532714e-12	
1.511319e-12	
1.489924e-12	
1.468528e-12	
1.447133e-12	
1.425738e-12	
1.404342e-12	
1.382947e-12	
1.361552e-12	
1.340156e-12	
1.318761e-12	
1.297365e-12	
1.275970e-12	
1.254575e-12	
1.233179e-12	
1.211784e-12	
1.190389e-12	
1.168993e-12	
1.147598e-12	
1.126203e-12	
1.104807e-12	
1.083412e-12	
1.062017e-12	
1.040621e-12	
1.019226e-12	
9.978305e-13	
9.764351e-13	
9.550398e-13	
9.336444e-13	
9.122491e-13	
8.908537e-13	
8.694584e-13	
8.480630e-13	
8.266676e-13	
8.052723e-13	
7.838769e-13	
7.624816e-13	
7.410862e-13	
7.196909e-13	
6.982955e-13	
6.769002e-13	
6.555048e-13	
6.341095e-13	
6.127141e-13	
5.913188e-13	
5.699234e-13	
5.485281e-13	
5.271327e-13	
5.057374e-13	
4.843420e-13	
4.629467e-13	
4.415513e-13	
4.201560e-13	
3.987606e-13	
3.773653e-13	
3.559699e-13	
3.345746e-13	
3.131792e-13	
2.917839e-13	
2.703885e-13	
2.489932e-13	
2.275978e-13	
2.062025e-13	
1.848071e-13	
1.634118e-13	
1.420164e-13	
1.206211e-13	
9.922574e-14	
7.783040e-14	
5.643506e-14	
3.503971e-14	
1.364437e-14	
