3.677169e-03	3.677935e-03	3.678657e-03	3.678859e-03	3.678892e-03	3.678901e-03	3.678903e-03	3.678879e-03	3.678677e-03	3.677182e-03	3.671669e-03	
1.384105e-03	1.383733e-03	1.383750e-03	1.384112e-03	1.384390e-03	1.384633e-03	1.384852e-03	1.385050e-03	1.385192e-03	1.384958e-03	3.670474e-03	
1.380323e-03	1.378235e-03	1.378106e-03	1.379040e-03	1.379849e-03	1.380568e-03	1.381223e-03	1.381836e-03	1.382415e-03	1.382871e-03	3.668461e-03	
3.657082e-03	3.646810e-03	3.648719e-03	3.651968e-03	3.654813e-03	3.657349e-03	3.659661e-03	3.661833e-03	3.663949e-03	3.666098e-03	3.667265e-03	
1.375975e-03	3.645527e-03	1.374516e-03	1.375225e-03	1.375821e-03	1.376326e-03	1.376754e-03	1.377116e-03	1.377426e-03	1.377696e-03	1.377535e-03	
1.371094e-03	3.643366e-03	1.373022e-03	1.372683e-03	1.372325e-03	1.371928e-03	1.371466e-03	1.370915e-03	1.370250e-03	1.369444e-03	1.369398e-03	
3.631183e-03	3.642082e-03	3.640794e-03	3.638490e-03	3.636276e-03	3.634026e-03	3.631624e-03	3.628953e-03	3.625895e-03	3.622324e-03	3.620176e-03	
1.366010e-03	1.367672e-03	1.367833e-03	1.367538e-03	1.367218e-03	1.366851e-03	1.366415e-03	1.365890e-03	1.365254e-03	1.364477e-03	3.618790e-03	
1.360763e-03	1.358931e-03	1.358966e-03	1.359815e-03	1.360524e-03	1.361120e-03	1.361625e-03	1.362065e-03	1.362463e-03	1.362840e-03	3.616456e-03	
3.603337e-03	3.591501e-03	3.593764e-03	3.597537e-03	3.600783e-03	3.603637e-03	3.606225e-03	3.608669e-03	3.611095e-03	3.613639e-03	3.615069e-03	
1.355306e-03	3.590016e-03	1.353633e-03	1.354444e-03	1.355114e-03	1.355674e-03	1.356145e-03	1.356551e-03	1.356914e-03	1.357259e-03	1.357097e-03	
1.349682e-03	3.587513e-03	1.351878e-03	1.351453e-03	1.351014e-03	1.350539e-03	1.350001e-03	1.349375e-03	1.348635e-03	1.347756e-03	1.347728e-03	
3.573493e-03	3.586028e-03	3.584456e-03	3.581675e-03	3.579040e-03	3.576409e-03	3.573646e-03	3.570620e-03	3.567196e-03	3.563231e-03	3.560859e-03	
1.343854e-03	1.345769e-03	1.345932e-03	1.345537e-03	1.345131e-03	1.344687e-03	1.344182e-03	1.343591e-03	1.342890e-03	1.342046e-03	3.559278e-03	
1.337868e-03	1.335797e-03	1.335817e-03	1.336725e-03	1.337493e-03	1.338148e-03	1.338716e-03	1.339227e-03	1.339706e-03	1.340179e-03	3.556615e-03	
3.541728e-03	3.528328e-03	3.530804e-03	3.534950e-03	3.538541e-03	3.541732e-03	3.544664e-03	3.547476e-03	3.550312e-03	3.553325e-03	3.555033e-03	
1.331685e-03	3.526655e-03	1.329747e-03	1.330620e-03	1.331351e-03	1.331972e-03	1.332509e-03	1.332989e-03	1.333438e-03	1.333881e-03	1.333719e-03	
1.325352e-03	3.523838e-03	1.327771e-03	1.327252e-03	1.326733e-03	1.326189e-03	1.325591e-03	1.324909e-03	1.324115e-03	1.323181e-03	1.323169e-03	
3.508123e-03	3.522165e-03	3.520323e-03	3.517088e-03	3.514057e-03	3.511071e-03	3.507978e-03	3.504631e-03	3.500880e-03	3.496564e-03	3.493991e-03	
1.318829e-03	1.320976e-03	1.321139e-03	1.320647e-03	1.320158e-03	1.319643e-03	1.319074e-03	1.318424e-03	1.317666e-03	1.316765e-03	3.492231e-03	
1.312166e-03	1.309876e-03	1.309879e-03	1.310838e-03	1.311656e-03	1.312363e-03	1.312990e-03	1.313566e-03	1.314122e-03	1.314686e-03	3.489266e-03	
3.472763e-03	3.457935e-03	3.460599e-03	3.465074e-03	3.468975e-03	3.472470e-03	3.475716e-03	3.478869e-03	3.482086e-03	3.485536e-03	3.487506e-03	
1.305319e-03	3.456092e-03	1.303135e-03	1.304061e-03	1.304845e-03	1.305521e-03	1.306120e-03	1.306669e-03	1.307198e-03	1.307736e-03	1.307574e-03	
1.298342e-03	3.452988e-03	1.300958e-03	1.300351e-03	1.299758e-03	1.299151e-03	1.298497e-03	1.297767e-03	1.296927e-03	1.295947e-03	1.295952e-03	
3.435739e-03	3.451145e-03	3.449052e-03	3.445395e-03	3.442000e-03	3.438689e-03	3.435297e-03	3.431664e-03	3.427624e-03	3.423000e-03	3.420252e-03	
1.291189e-03	1.293547e-03	1.293708e-03	1.293124e-03	1.292557e-03	1.291975e-03	1.291349e-03	1.290647e-03	1.289840e-03	1.288890e-03	3.418331e-03	
1.283916e-03	1.281431e-03	1.281418e-03	1.282418e-03	1.283277e-03	1.284030e-03	1.284708e-03	1.285344e-03	1.285972e-03	1.286622e-03	3.415095e-03	
3.397143e-03	3.381037e-03	3.383862e-03	3.388623e-03	3.392793e-03	3.396556e-03	3.400084e-03	3.403544e-03	3.407109e-03	3.410963e-03	3.413173e-03	
1.276475e-03	3.379043e-03	1.274068e-03	1.275038e-03	1.275867e-03	1.276592e-03	1.277245e-03	1.277858e-03	1.278462e-03	1.279089e-03	1.278930e-03	
1.268925e-03	3.375683e-03	1.271712e-03	1.271022e-03	1.270362e-03	1.269698e-03	1.268996e-03	1.268224e-03	1.267346e-03	1.266330e-03	1.266352e-03	
3.357075e-03	3.373689e-03	3.371366e-03	3.367326e-03	3.363600e-03	3.359998e-03	3.356343e-03	3.352459e-03	3.348170e-03	3.343285e-03	3.340390e-03	
1.261215e-03	1.263760e-03	1.263917e-03	1.263248e-03	1.262608e-03	1.261966e-03	1.261288e-03	1.260541e-03	1.259694e-03	1.258705e-03	3.338328e-03	
1.253406e-03	1.250751e-03	1.250722e-03	1.251752e-03	1.252645e-03	1.253435e-03	1.254158e-03	1.254848e-03	1.255540e-03	1.256269e-03	3.334853e-03	
3.315634e-03	3.298413e-03	3.301371e-03	3.306368e-03	3.310766e-03	3.314760e-03	3.318534e-03	3.322267e-03	3.326144e-03	3.330361e-03	3.332790e-03	
1.245447e-03	3.296288e-03	1.242840e-03	1.243845e-03	1.244710e-03	1.245476e-03	1.246178e-03	1.246848e-03	1.247520e-03	1.248231e-03	1.248076e-03	
1.237399e-03	3.292707e-03	1.240330e-03	1.239564e-03	1.238842e-03	1.238128e-03	1.237385e-03	1.236579e-03	1.235673e-03	1.234631e-03	1.234669e-03	
3.272927e-03	3.290581e-03	3.288052e-03	3.283669e-03	3.279650e-03	3.275794e-03	3.271912e-03	3.267817e-03	3.263323e-03	3.258225e-03	3.255212e-03	
1.229210e-03	1.231916e-03	1.232068e-03	1.231320e-03	1.230615e-03	1.229919e-03	1.229196e-03	1.228412e-03	1.227532e-03	1.226514e-03	3.253029e-03	
1.220943e-03	1.218145e-03	1.218100e-03	1.219151e-03	1.220068e-03	1.220888e-03	1.221648e-03	1.222385e-03	1.223135e-03	1.223935e-03	3.249351e-03	
3.229058e-03	3.210895e-03	3.213956e-03	3.219141e-03	3.223722e-03	3.227906e-03	3.231888e-03	3.235857e-03	3.240006e-03	3.244544e-03	3.247167e-03	
1.212546e-03	3.208660e-03	1.209767e-03	1.210795e-03	1.211688e-03	1.212488e-03	1.213231e-03	1.213951e-03	1.214686e-03	1.215472e-03	1.215322e-03	
1.204081e-03	3.204894e-03	1.207126e-03	1.206293e-03	1.205517e-03	1.204760e-03	1.203984e-03	1.203152e-03	1.202226e-03	1.201169e-03	1.201222e-03	
3.184140e-03	3.202657e-03	3.199948e-03	3.195267e-03	3.190996e-03	3.186925e-03	3.182853e-03	3.178589e-03	3.173934e-03	3.168675e-03	3.165574e-03	
1.195496e-03	1.198336e-03	1.198482e-03	1.197661e-03	1.196898e-03	1.196155e-03	1.195395e-03	1.194581e-03	1.193677e-03	1.192640e-03	3.163291e-03	
1.186854e-03	1.183941e-03	1.183880e-03	1.184941e-03	1.185873e-03	1.186715e-03	1.187506e-03	1.188282e-03	1.189082e-03	1.189945e-03	3.159446e-03	
3.138283e-03	3.119359e-03	3.122493e-03	3.127814e-03	3.132533e-03	3.136867e-03	3.141017e-03	3.145181e-03	3.149562e-03	3.154374e-03	3.157164e-03	
1.178102e-03	3.117036e-03	1.175178e-03	1.176221e-03	1.177134e-03	1.177960e-03	1.178737e-03	1.179501e-03	1.180290e-03	1.181142e-03	1.180999e-03	
1.169306e-03	3.113122e-03	1.172433e-03	1.171542e-03	1.170722e-03	1.169931e-03	1.169131e-03	1.168282e-03	1.167344e-03	1.166280e-03	1.166346e-03	
3.091603e-03	3.110798e-03	3.107933e-03	3.103003e-03	3.098530e-03	3.094291e-03	3.090078e-03	3.085688e-03	3.080914e-03	3.075537e-03	3.072373e-03	
1.160385e-03	1.163313e-03	1.163444e-03	1.162579e-03	1.161789e-03	1.161032e-03	1.160262e-03	1.159439e-03	1.158517e-03	1.157449e-03	3.070013e-03	
1.151409e-03	1.148344e-03	1.148261e-03	1.149373e-03	1.150378e-03	1.151303e-03	1.152174e-03	1.153015e-03	1.153852e-03	1.154708e-03	3.066040e-03	
3.043966e-03	3.024169e-03	3.027390e-03	3.032975e-03	3.038021e-03	3.042704e-03	3.047186e-03	3.051622e-03	3.056171e-03	3.060996e-03	3.063680e-03	
1.143154e-03	3.021744e-03	1.138470e-03	1.139874e-03	1.141288e-03	1.142613e-03	1.143882e-03	1.145139e-03	1.146428e-03	1.147800e-03	1.147280e-03	
1.135683e-03	3.017659e-03	1.134120e-03	1.134126e-03	1.134561e-03	1.135002e-03	1.135427e-03	1.135848e-03	1.136283e-03	1.136774e-03	1.136588e-03	
3.004288e-03	3.015234e-03	3.004275e-03	3.002491e-03	3.002348e-03	3.002341e-03	3.002346e-03	3.002352e-03	3.002369e-03	3.002512e-03	3.003356e-03	
