4.098727e-03	4.099881e-03	4.100969e-03	4.101274e-03	4.101324e-03	4.101338e-03	4.101340e-03	4.101305e-03	4.100999e-03	4.098746e-03	4.090436e-03	
1.542342e-03	1.541781e-03	1.541806e-03	1.542352e-03	1.542771e-03	1.543137e-03	1.543467e-03	1.543766e-03	1.543980e-03	1.543627e-03	4.088635e-03	
1.536640e-03	1.533494e-03	1.533298e-03	1.534706e-03	1.535926e-03	1.537009e-03	1.537996e-03	1.538920e-03	1.539794e-03	1.540482e-03	4.085600e-03	
4.068449e-03	4.052967e-03	4.055843e-03	4.060738e-03	4.065026e-03	4.068848e-03	4.072333e-03	4.075608e-03	4.078798e-03	4.082039e-03	4.083798e-03	
1.530085e-03	4.051033e-03	1.527886e-03	1.528953e-03	1.529852e-03	1.530613e-03	1.531258e-03	1.531805e-03	1.532273e-03	1.532680e-03	1.532437e-03	
1.522729e-03	4.047775e-03	1.525634e-03	1.525122e-03	1.524582e-03	1.523983e-03	1.523288e-03	1.522458e-03	1.521455e-03	1.520242e-03	1.520172e-03	
4.029415e-03	4.045840e-03	4.043897e-03	4.040422e-03	4.037084e-03	4.033693e-03	4.030073e-03	4.026048e-03	4.021442e-03	4.016063e-03	4.012827e-03	
1.515066e-03	1.517571e-03	1.517812e-03	1.517367e-03	1.516884e-03	1.516330e-03	1.515673e-03	1.514882e-03	1.513924e-03	1.512754e-03	4.010739e-03	
1.507158e-03	1.504399e-03	1.504451e-03	1.505728e-03	1.506796e-03	1.507693e-03	1.508455e-03	1.509117e-03	1.509718e-03	1.510287e-03	4.007221e-03	
3.987455e-03	3.969623e-03	3.973029e-03	3.978710e-03	3.983599e-03	3.987897e-03	3.991796e-03	3.995479e-03	3.999138e-03	4.002975e-03	4.005132e-03	
1.498935e-03	3.967385e-03	1.496413e-03	1.497634e-03	1.498643e-03	1.499485e-03	1.500196e-03	1.500808e-03	1.501357e-03	1.501877e-03	1.501634e-03	
1.490463e-03	3.963616e-03	1.493770e-03	1.493127e-03	1.492465e-03	1.491749e-03	1.490939e-03	1.489997e-03	1.488884e-03	1.487561e-03	1.487520e-03	
3.942498e-03	3.961378e-03	3.959008e-03	3.954813e-03	3.950841e-03	3.946876e-03	3.942714e-03	3.938158e-03	3.933006e-03	3.927040e-03	3.923470e-03	
1.481685e-03	1.484569e-03	1.484813e-03	1.484216e-03	1.483602e-03	1.482933e-03	1.482172e-03	1.481283e-03	1.480228e-03	1.478959e-03	3.921090e-03	
1.472670e-03	1.469552e-03	1.469580e-03	1.470945e-03	1.472100e-03	1.473084e-03	1.473941e-03	1.474709e-03	1.475433e-03	1.476147e-03	3.917079e-03	
3.894667e-03	3.874494e-03	3.878216e-03	3.884451e-03	3.889853e-03	3.894654e-03	3.899068e-03	3.903304e-03	3.907579e-03	3.912121e-03	3.914698e-03	
1.463360e-03	3.871977e-03	1.460439e-03	1.461751e-03	1.462849e-03	1.463784e-03	1.464593e-03	1.465317e-03	1.465995e-03	1.466666e-03	1.466422e-03	
1.453828e-03	3.867736e-03	1.457465e-03	1.456681e-03	1.455899e-03	1.455079e-03	1.454179e-03	1.453154e-03	1.451962e-03	1.450559e-03	1.450543e-03	
3.844089e-03	3.865218e-03	3.862441e-03	3.857563e-03	3.852998e-03	3.848501e-03	3.843847e-03	3.838814e-03	3.833176e-03	3.826690e-03	3.822824e-03	
1.444011e-03	1.447242e-03	1.447485e-03	1.446742e-03	1.446003e-03	1.445226e-03	1.444370e-03	1.443393e-03	1.442255e-03	1.440902e-03	3.820177e-03	
1.433987e-03	1.430544e-03	1.430547e-03	1.431985e-03	1.433212e-03	1.434274e-03	1.435216e-03	1.436084e-03	1.436923e-03	1.437775e-03	3.815717e-03	
3.790899e-03	3.768601e-03	3.772599e-03	3.779319e-03	3.785178e-03	3.790430e-03	3.795312e-03	3.800056e-03	3.804901e-03	3.810100e-03	3.813069e-03	
1.423689e-03	3.765831e-03	1.420401e-03	1.421790e-03	1.422966e-03	1.423982e-03	1.424883e-03	1.425710e-03	1.426509e-03	1.427323e-03	1.427082e-03	
1.413200e-03	3.761164e-03	1.417128e-03	1.416211e-03	1.415317e-03	1.414404e-03	1.413422e-03	1.412326e-03	1.411067e-03	1.409598e-03	1.409608e-03	
3.735241e-03	3.758393e-03	3.755240e-03	3.749732e-03	3.744621e-03	3.739642e-03	3.734545e-03	3.729089e-03	3.723025e-03	3.716089e-03	3.711968e-03	
1.402449e-03	1.405993e-03	1.406233e-03	1.405350e-03	1.404494e-03	1.403618e-03	1.402676e-03	1.401622e-03	1.400412e-03	1.398990e-03	3.709082e-03	
1.391522e-03	1.387792e-03	1.387769e-03	1.389265e-03	1.390552e-03	1.391680e-03	1.392698e-03	1.393655e-03	1.394600e-03	1.395581e-03	3.704221e-03	
3.677262e-03	3.653078e-03	3.657310e-03	3.664444e-03	3.670696e-03	3.676342e-03	3.681640e-03	3.686842e-03	3.692205e-03	3.698006e-03	3.701335e-03	
1.380348e-03	3.650084e-03	1.376727e-03	1.378179e-03	1.379420e-03	1.380507e-03	1.381489e-03	1.382411e-03	1.383322e-03	1.384271e-03	1.384034e-03	
1.369013e-03	3.645041e-03	1.373191e-03	1.372150e-03	1.371155e-03	1.370157e-03	1.369105e-03	1.367948e-03	1.366636e-03	1.365118e-03	1.365153e-03	
3.617119e-03	3.642047e-03	3.638551e-03	3.632473e-03	3.626872e-03	3.621462e-03	3.615977e-03	3.610156e-03	3.603732e-03	3.596419e-03	3.592087e-03	
1.357444e-03	1.361263e-03	1.361496e-03	1.360484e-03	1.359520e-03	1.358554e-03	1.357536e-03	1.356417e-03	1.355149e-03	1.353672e-03	3.588994e-03	
1.345732e-03	1.341753e-03	1.341705e-03	1.343242e-03	1.344576e-03	1.345758e-03	1.346841e-03	1.347877e-03	1.348919e-03	1.350018e-03	3.583783e-03	
3.554971e-03	3.529158e-03	3.533579e-03	3.541051e-03	3.547631e-03	3.553611e-03	3.559269e-03	3.564871e-03	3.570695e-03	3.577035e-03	3.580689e-03	
1.333799e-03	3.525973e-03	1.329885e-03	1.331384e-03	1.332676e-03	1.333823e-03	1.334875e-03	1.335883e-03	1.336897e-03	1.337970e-03	1.337740e-03	
1.321740e-03	3.520608e-03	1.326123e-03	1.324969e-03	1.323884e-03	1.322812e-03	1.321700e-03	1.320496e-03	1.319145e-03	1.317593e-03	1.317653e-03	
3.490984e-03	3.517423e-03	3.513622e-03	3.507037e-03	3.501006e-03	3.495225e-03	3.489410e-03	3.483286e-03	3.476569e-03	3.468957e-03	3.464459e-03	
1.309475e-03	1.313529e-03	1.313753e-03	1.312623e-03	1.311562e-03	1.310516e-03	1.309432e-03	1.308260e-03	1.306947e-03	1.305430e-03	3.461191e-03	
1.297102e-03	1.292917e-03	1.292845e-03	1.294408e-03	1.295774e-03	1.296997e-03	1.298134e-03	1.299238e-03	1.300365e-03	1.301570e-03	3.455686e-03	
3.425329e-03	3.398162e-03	3.402724e-03	3.410456e-03	3.417293e-03	3.423544e-03	3.429501e-03	3.435445e-03	3.441668e-03	3.448479e-03	3.452418e-03	
1.284538e-03	3.394819e-03	1.280373e-03	1.281903e-03	1.283234e-03	1.284428e-03	1.285540e-03	1.286621e-03	1.287727e-03	1.288912e-03	1.288693e-03	
1.271883e-03	3.389189e-03	1.276425e-03	1.275171e-03	1.274006e-03	1.272872e-03	1.271713e-03	1.270474e-03	1.269097e-03	1.267528e-03	1.267612e-03	
3.358178e-03	3.385846e-03	3.381780e-03	3.374760e-03	3.368363e-03	3.362271e-03	3.356188e-03	3.349826e-03	3.342888e-03	3.335056e-03	3.330441e-03	
1.259053e-03	1.263298e-03	1.263512e-03	1.262275e-03	1.261128e-03	1.260013e-03	1.258877e-03	1.257663e-03	1.256318e-03	1.254779e-03	3.327033e-03	
1.246150e-03	1.241804e-03	1.241708e-03	1.243280e-03	1.244664e-03	1.245916e-03	1.247095e-03	1.248255e-03	1.249455e-03	1.250753e-03	3.321292e-03	
3.289709e-03	3.261476e-03	3.266132e-03	3.274043e-03	3.281065e-03	3.287522e-03	3.293715e-03	3.299938e-03	3.306493e-03	3.313702e-03	3.317884e-03	
1.233089e-03	3.258011e-03	1.228715e-03	1.230261e-03	1.231617e-03	1.232847e-03	1.234007e-03	1.235152e-03	1.236338e-03	1.237621e-03	1.237413e-03	
1.219971e-03	3.252175e-03	1.224622e-03	1.223284e-03	1.222054e-03	1.220873e-03	1.219681e-03	1.218420e-03	1.217032e-03	1.215458e-03	1.215563e-03	
3.220106e-03	3.248710e-03	3.244420e-03	3.237043e-03	3.230356e-03	3.224029e-03	3.217752e-03	3.211221e-03	3.204129e-03	3.196148e-03	3.191455e-03	
1.206677e-03	1.211041e-03	1.211232e-03	1.209929e-03	1.208743e-03	1.207610e-03	1.206462e-03	1.205238e-03	1.203872e-03	1.202291e-03	3.187942e-03	
1.193311e-03	1.188753e-03	1.188623e-03	1.190264e-03	1.191752e-03	1.193123e-03	1.194418e-03	1.195672e-03	1.196924e-03	1.198209e-03	3.182025e-03	
3.149179e-03	3.119728e-03	3.124498e-03	3.132774e-03	3.140260e-03	3.147217e-03	3.153884e-03	3.160495e-03	3.167284e-03	3.174496e-03	3.178513e-03	
1.181024e-03	3.116123e-03	1.174049e-03	1.176128e-03	1.178227e-03	1.180196e-03	1.182084e-03	1.183957e-03	1.185882e-03	1.187931e-03	1.187163e-03	
1.169913e-03	3.110050e-03	1.167585e-03	1.167591e-03	1.168237e-03	1.168892e-03	1.169524e-03	1.170152e-03	1.170801e-03	1.171535e-03	1.171260e-03	
3.090171e-03	3.106445e-03	3.090153e-03	3.087500e-03	3.087287e-03	3.087277e-03	3.087284e-03	3.087293e-03	3.087318e-03	3.087531e-03	3.088786e-03	
