2.131785e-12	
2.110389e-12	
2.088994e-12	
2.067598e-12	
2.046203e-12	
2.024807e-12	
2.003412e-12	
1.982016e-12	
1.960621e-12	
1.939225e-12	
1.917830e-12	
1.896434e-12	
1.875039e-12	
1.853643e-12	
1.832248e-12	
1.810852e-12	
1.789457e-12	
1.768061e-12	
1.746666e-12	
1.725270e-12	
1.703875e-12	
1.682479e-12	
1.661083e-12	
1.639688e-12	
1.618292e-12	
1.596897e-12	
1.575501e-12	
1.554106e-12	
1.532710e-12	
1.511315e-12	
1.489919e-12	
1.468524e-12	
1.447128e-12	
1.425733e-12	
1.404337e-12	
1.382942e-12	
1.361546e-12	
1.340151e-12	
1.318755e-12	
1.297360e-12	
1.275964e-12	
1.254569e-12	
1.233173e-12	
1.211778e-12	
1.190382e-12	
1.168987e-12	
1.147591e-12	
1.126196e-12	
1.104800e-12	
1.083405e-12	
1.062009e-12	
1.040613e-12	
1.019218e-12	
9.978224e-13	
9.764269e-13	
9.550314e-13	
9.336359e-13	
9.122404e-13	
8.908449e-13	
8.694494e-13	
8.480538e-13	
8.266583e-13	
8.052628e-13	
7.838673e-13	
7.624718e-13	
7.410763e-13	
7.196808e-13	
6.982853e-13	
6.768897e-13	
6.554942e-13	
6.340987e-13	
6.127032e-13	
5.913077e-13	
5.699122e-13	
5.485167e-13	
5.271212e-13	
5.057257e-13	
4.843302e-13	
4.629347e-13	
4.415391e-13	
4.201436e-13	
3.987481e-13	
3.773526e-13	
3.559571e-13	
3.345616e-13	
3.131661e-13	
2.917706e-13	
2.703751e-13	
2.489796e-13	
2.275841e-13	
2.061886e-13	
1.847931e-13	
1.633976e-13	
1.420021e-13	
1.206066e-13	
9.921105e-14	
7.781555e-14	
5.642005e-14	
3.502455e-14	
1.362905e-14	
