2.131782e-12	
2.110388e-12	
2.088994e-12	
2.067599e-12	
2.046205e-12	
2.024810e-12	
2.003416e-12	
1.982021e-12	
1.960627e-12	
1.939232e-12	
1.917838e-12	
1.896443e-12	
1.875049e-12	
1.853654e-12	
1.832260e-12	
1.810866e-12	
1.789471e-12	
1.768077e-12	
1.746682e-12	
1.725288e-12	
1.703893e-12	
1.682499e-12	
1.661104e-12	
1.639710e-12	
1.618315e-12	
1.596921e-12	
1.575527e-12	
1.554132e-12	
1.532738e-12	
1.511343e-12	
1.489949e-12	
1.468554e-12	
1.447160e-12	
1.425765e-12	
1.404371e-12	
1.382976e-12	
1.361582e-12	
1.340187e-12	
1.318793e-12	
1.297399e-12	
1.276004e-12	
1.254610e-12	
1.233215e-12	
1.211821e-12	
1.190426e-12	
1.169032e-12	
1.147637e-12	
1.126243e-12	
1.104848e-12	
1.083454e-12	
1.062060e-12	
1.040665e-12	
1.019271e-12	
9.978762e-13	
9.764817e-13	
9.550873e-13	
9.336928e-13	
9.122984e-13	
8.909039e-13	
8.695095e-13	
8.481150e-13	
8.267206e-13	
8.053261e-13	
7.839317e-13	
7.625372e-13	
7.411428e-13	
7.197483e-13	
6.983539e-13	
6.769594e-13	
6.555650e-13	
6.341705e-13	
6.127761e-13	
5.913816e-13	
5.699872e-13	
5.485927e-13	
5.271983e-13	
5.058038e-13	
4.844094e-13	
4.630149e-13	
4.416205e-13	
4.202260e-13	
3.988316e-13	
3.774371e-13	
3.560427e-13	
3.346482e-13	
3.132538e-13	
2.918593e-13	
2.704649e-13	
2.490704e-13	
2.276760e-13	
2.062816e-13	
1.848871e-13	
1.634927e-13	
1.420982e-13	
1.207038e-13	
9.930933e-14	
7.791489e-14	
5.652045e-14	
3.512600e-14	
1.373156e-14	
