2.810274e-03	2.810409e-03	2.810536e-03	2.810572e-03	2.810578e-03	2.810579e-03	2.810580e-03	2.810575e-03	2.810540e-03	2.810277e-03	2.809307e-03	
1.058461e-03	1.058395e-03	1.058398e-03	1.058462e-03	1.058511e-03	1.058554e-03	1.058592e-03	1.058627e-03	1.058652e-03	1.058610e-03	2.809097e-03	
1.057795e-03	1.057428e-03	1.057406e-03	1.057571e-03	1.057713e-03	1.057840e-03	1.057955e-03	1.058062e-03	1.058164e-03	1.058244e-03	2.808742e-03	
2.806740e-03	2.804932e-03	2.805269e-03	2.805842e-03	2.806344e-03	2.806791e-03	2.807198e-03	2.807579e-03	2.807951e-03	2.808328e-03	2.808532e-03	
1.057031e-03	2.804706e-03	1.056776e-03	1.056901e-03	1.057006e-03	1.057095e-03	1.057170e-03	1.057234e-03	1.057288e-03	1.057335e-03	1.057306e-03	
1.056172e-03	2.804325e-03	1.056513e-03	1.056454e-03	1.056392e-03	1.056322e-03	1.056241e-03	1.056143e-03	1.056025e-03	1.055882e-03	1.055873e-03	
2.802177e-03	2.804099e-03	2.803874e-03	2.803471e-03	2.803083e-03	2.802687e-03	2.802264e-03	2.801792e-03	2.801250e-03	2.800617e-03	2.800236e-03	
1.055278e-03	1.055570e-03	1.055599e-03	1.055549e-03	1.055493e-03	1.055429e-03	1.055353e-03	1.055260e-03	1.055147e-03	1.055009e-03	2.799991e-03	
1.054352e-03	1.054028e-03	1.054035e-03	1.054187e-03	1.054313e-03	1.054419e-03	1.054509e-03	1.054586e-03	1.054655e-03	1.054720e-03	2.799579e-03	
2.797260e-03	2.795166e-03	2.795570e-03	2.796243e-03	2.796820e-03	2.797327e-03	2.797784e-03	2.798215e-03	2.798640e-03	2.799085e-03	2.799334e-03	
1.053388e-03	2.794903e-03	1.053095e-03	1.053240e-03	1.053360e-03	1.053459e-03	1.053542e-03	1.053613e-03	1.053676e-03	1.053734e-03	1.053705e-03	
1.052392e-03	2.794460e-03	1.052784e-03	1.052711e-03	1.052635e-03	1.052551e-03	1.052456e-03	1.052344e-03	1.052210e-03	1.052052e-03	1.052046e-03	
2.791971e-03	2.794196e-03	2.793922e-03	2.793436e-03	2.792973e-03	2.792508e-03	2.792018e-03	2.791478e-03	2.790865e-03	2.790154e-03	2.789727e-03	
1.051360e-03	1.051699e-03	1.051729e-03	1.051662e-03	1.051593e-03	1.051515e-03	1.051426e-03	1.051320e-03	1.051194e-03	1.051042e-03	2.789446e-03	
1.050295e-03	1.049925e-03	1.049930e-03	1.050096e-03	1.050235e-03	1.050353e-03	1.050455e-03	1.050545e-03	1.050629e-03	1.050710e-03	2.788972e-03	
2.786318e-03	2.783926e-03	2.784374e-03	2.785123e-03	2.785771e-03	2.786343e-03	2.786866e-03	2.787365e-03	2.787864e-03	2.788392e-03	2.788691e-03	
1.049194e-03	2.783626e-03	1.048852e-03	1.049011e-03	1.049143e-03	1.049255e-03	1.049351e-03	1.049435e-03	1.049512e-03	1.049587e-03	1.049556e-03	
1.048061e-03	2.783122e-03	1.048499e-03	1.048409e-03	1.048319e-03	1.048222e-03	1.048115e-03	1.047991e-03	1.047846e-03	1.047673e-03	1.047669e-03	
2.780304e-03	2.782823e-03	2.782500e-03	2.781931e-03	2.781396e-03	2.780864e-03	2.780309e-03	2.779704e-03	2.779023e-03	2.778237e-03	2.777767e-03	
1.046893e-03	1.047277e-03	1.047309e-03	1.047225e-03	1.047141e-03	1.047051e-03	1.046949e-03	1.046832e-03	1.046693e-03	1.046527e-03	2.777450e-03	
1.045694e-03	1.045280e-03	1.045283e-03	1.045461e-03	1.045613e-03	1.045742e-03	1.045856e-03	1.045959e-03	1.046056e-03	1.046153e-03	2.776916e-03	
2.773937e-03	2.771257e-03	2.771748e-03	2.772571e-03	2.773285e-03	2.773921e-03	2.774507e-03	2.775072e-03	2.775644e-03	2.776253e-03	2.776599e-03	
1.044459e-03	2.770923e-03	1.044070e-03	1.044242e-03	1.044387e-03	1.044511e-03	1.044618e-03	1.044715e-03	1.044806e-03	1.044897e-03	1.044866e-03	
1.043195e-03	2.770360e-03	1.043676e-03	1.043571e-03	1.043467e-03	1.043358e-03	1.043239e-03	1.043103e-03	1.042946e-03	1.042761e-03	1.042760e-03	
2.767223e-03	2.770026e-03	2.769656e-03	2.769007e-03	2.768400e-03	2.767803e-03	2.767186e-03	2.766519e-03	2.765772e-03	2.764914e-03	2.764402e-03	
1.041895e-03	1.042324e-03	1.042356e-03	1.042257e-03	1.042158e-03	1.042055e-03	1.041942e-03	1.041813e-03	1.041662e-03	1.041483e-03	2.764051e-03	
1.040567e-03	1.040111e-03	1.040111e-03	1.040302e-03	1.040465e-03	1.040606e-03	1.040731e-03	1.040845e-03	1.040956e-03	1.041069e-03	2.763460e-03	
2.760168e-03	2.757210e-03	2.757742e-03	2.758635e-03	2.759413e-03	2.760110e-03	2.760758e-03	2.761386e-03	2.762028e-03	2.762716e-03	2.763109e-03	
1.039204e-03	2.756843e-03	1.038769e-03	1.038954e-03	1.039110e-03	1.039245e-03	1.039365e-03	1.039474e-03	1.039579e-03	1.039686e-03	1.039653e-03	
1.037813e-03	2.756223e-03	1.038335e-03	1.038215e-03	1.038098e-03	1.037977e-03	1.037846e-03	1.037700e-03	1.037532e-03	1.037335e-03	1.037336e-03	
2.752780e-03	2.755856e-03	2.755440e-03	2.754714e-03	2.754039e-03	2.753379e-03	2.752702e-03	2.751976e-03	2.751167e-03	2.750239e-03	2.749688e-03	
1.036387e-03	1.036858e-03	1.036890e-03	1.036776e-03	1.036664e-03	1.036549e-03	1.036424e-03	1.036283e-03	1.036122e-03	1.035930e-03	2.749304e-03	
1.034935e-03	1.034438e-03	1.034436e-03	1.034639e-03	1.034812e-03	1.034964e-03	1.035099e-03	1.035226e-03	1.035350e-03	1.035478e-03	2.748658e-03	
2.745067e-03	2.741843e-03	2.742413e-03	2.743373e-03	2.744213e-03	2.744968e-03	2.745674e-03	2.746364e-03	2.747072e-03	2.747836e-03	2.748274e-03	
1.033449e-03	2.741443e-03	1.032970e-03	1.033167e-03	1.033335e-03	1.033480e-03	1.033611e-03	1.033732e-03	1.033850e-03	1.033972e-03	1.033939e-03	
1.031936e-03	2.740770e-03	1.032499e-03	1.032364e-03	1.032233e-03	1.032101e-03	1.031960e-03	1.031804e-03	1.031625e-03	1.031417e-03	1.031420e-03	
2.737035e-03	2.740370e-03	2.739911e-03	2.739110e-03	2.738369e-03	2.737650e-03	2.736916e-03	2.736132e-03	2.735264e-03	2.734272e-03	2.733683e-03	
1.030391e-03	1.030901e-03	1.030935e-03	1.030805e-03	1.030680e-03	1.030553e-03	1.030417e-03	1.030266e-03	1.030094e-03	1.029891e-03	2.733268e-03	
1.028820e-03	1.028284e-03	1.028281e-03	1.028494e-03	1.028677e-03	1.028839e-03	1.028985e-03	1.029123e-03	1.029259e-03	1.029402e-03	2.732568e-03	
2.728692e-03	2.725215e-03	2.725822e-03	2.726845e-03	2.727742e-03	2.728553e-03	2.729314e-03	2.730063e-03	2.730836e-03	2.731673e-03	2.732153e-03	
1.027217e-03	2.724785e-03	1.026696e-03	1.026904e-03	1.027082e-03	1.027238e-03	1.027379e-03	1.027512e-03	1.027643e-03	1.027780e-03	1.027747e-03	
1.025589e-03	2.724060e-03	1.026189e-03	1.026040e-03	1.025897e-03	1.025754e-03	1.025603e-03	1.025437e-03	1.025248e-03	1.025030e-03	1.025035e-03	
2.720047e-03	2.723630e-03	2.723129e-03	2.722257e-03	2.721453e-03	2.720676e-03	2.719888e-03	2.719051e-03	2.718126e-03	2.717073e-03	2.716449e-03	
1.023929e-03	1.024478e-03	1.024512e-03	1.024368e-03	1.024230e-03	1.024092e-03	1.023946e-03	1.023785e-03	1.023602e-03	1.023389e-03	2.716004e-03	
1.022246e-03	1.021674e-03	1.021668e-03	1.021891e-03	1.022084e-03	1.022255e-03	1.022411e-03	1.022559e-03	1.022708e-03	1.022864e-03	2.715254e-03	
2.711108e-03	2.707391e-03	2.708032e-03	2.709114e-03	2.710066e-03	2.710929e-03	2.711743e-03	2.712547e-03	2.713381e-03	2.714288e-03	2.714809e-03	
1.020532e-03	2.706932e-03	1.019971e-03	1.020190e-03	1.020378e-03	1.020543e-03	1.020695e-03	1.020838e-03	1.020982e-03	1.021133e-03	1.021099e-03	
1.018795e-03	2.706158e-03	1.019430e-03	1.019267e-03	1.019113e-03	1.018960e-03	1.018800e-03	1.018625e-03	1.018427e-03	1.018198e-03	1.018205e-03	
2.701882e-03	2.705699e-03	2.705157e-03	2.704218e-03	2.703355e-03	2.702526e-03	2.701687e-03	2.700800e-03	2.699822e-03	2.698710e-03	2.698052e-03	
1.017023e-03	1.017604e-03	1.017636e-03	1.017482e-03	1.017337e-03	1.017193e-03	1.017041e-03	1.016873e-03	1.016681e-03	1.016453e-03	2.697579e-03	
1.015224e-03	1.014604e-03	1.014594e-03	1.014836e-03	1.015051e-03	1.015245e-03	1.015422e-03	1.015587e-03	1.015747e-03	1.015904e-03	2.696782e-03	
2.692330e-03	2.688327e-03	2.689008e-03	2.690180e-03	2.691228e-03	2.692188e-03	2.693094e-03	2.693976e-03	2.694866e-03	2.695797e-03	2.696309e-03	
1.013564e-03	2.687834e-03	1.012626e-03	1.012922e-03	1.013215e-03	1.013487e-03	1.013743e-03	1.013993e-03	1.014245e-03	1.014509e-03	1.014398e-03	
1.012049e-03	2.687003e-03	1.011737e-03	1.011742e-03	1.011832e-03	1.011922e-03	1.012008e-03	1.012092e-03	1.012176e-03	1.012271e-03	1.012233e-03	
2.684281e-03	2.686509e-03	2.684279e-03	2.683916e-03	2.683887e-03	2.683885e-03	2.683886e-03	2.683888e-03	2.683891e-03	2.683920e-03	2.684092e-03	
