1.964731e-02	1.966436e-02	1.968044e-02	1.968494e-02	1.968568e-02	1.968588e-02	1.968592e-02	1.968539e-02	1.968088e-02	1.964760e-02	1.952482e-02	
7.376392e-03	7.368105e-03	7.368470e-03	7.376524e-03	7.382727e-03	7.388122e-03	7.393004e-03	7.397429e-03	7.400588e-03	7.395377e-03	1.949821e-02	
7.292144e-03	7.245655e-03	7.242761e-03	7.263558e-03	7.281565e-03	7.297569e-03	7.312156e-03	7.325810e-03	7.338724e-03	7.348904e-03	1.945338e-02	
1.920001e-02	1.897131e-02	1.901377e-02	1.908605e-02	1.914937e-02	1.920581e-02	1.925730e-02	1.930569e-02	1.935284e-02	1.940075e-02	1.942676e-02	
7.195283e-03	1.894275e-02	7.162782e-03	7.178531e-03	7.191797e-03	7.203042e-03	7.212567e-03	7.220653e-03	7.227579e-03	7.233621e-03	7.230026e-03	
7.086616e-03	1.889463e-02	7.129511e-03	7.121923e-03	7.113935e-03	7.105083e-03	7.094809e-03	7.082561e-03	7.067769e-03	7.049871e-03	7.048863e-03	
1.862348e-02	1.886605e-02	1.883731e-02	1.878592e-02	1.873656e-02	1.868646e-02	1.863300e-02	1.857359e-02	1.850562e-02	1.842626e-02	1.837854e-02	
6.973421e-03	7.010422e-03	7.013971e-03	7.007356e-03	7.000195e-03	6.992003e-03	6.982302e-03	6.970624e-03	6.956487e-03	6.939244e-03	1.834770e-02	
6.856657e-03	6.815923e-03	6.816679e-03	6.835483e-03	6.851227e-03	6.864446e-03	6.875687e-03	6.885479e-03	6.894366e-03	6.902807e-03	1.829576e-02	
1.800400e-02	1.774081e-02	1.779101e-02	1.787474e-02	1.794681e-02	1.801021e-02	1.806776e-02	1.812217e-02	1.817625e-02	1.823300e-02	1.826491e-02	
6.735249e-03	1.770780e-02	6.697971e-03	6.715946e-03	6.730807e-03	6.743228e-03	6.753720e-03	6.762780e-03	6.770919e-03	6.778662e-03	6.775088e-03	
6.610225e-03	1.765218e-02	6.658959e-03	6.649427e-03	6.639622e-03	6.629038e-03	6.617095e-03	6.603226e-03	6.586849e-03	6.567395e-03	6.566824e-03	
1.734069e-02	1.761916e-02	1.758409e-02	1.752205e-02	1.746336e-02	1.740481e-02	1.734343e-02	1.727629e-02	1.720041e-02	1.711258e-02	1.706005e-02	
6.480707e-03	6.523256e-03	6.526827e-03	6.517951e-03	6.508845e-03	6.498949e-03	6.487716e-03	6.474612e-03	6.459091e-03	6.440446e-03	1.702496e-02	
6.347793e-03	6.301851e-03	6.302229e-03	6.322264e-03	6.339220e-03	6.353700e-03	6.366317e-03	6.377670e-03	6.388373e-03	6.398971e-03	1.696583e-02	
1.663552e-02	1.633827e-02	1.639297e-02	1.648462e-02	1.656409e-02	1.663477e-02	1.669981e-02	1.676232e-02	1.682545e-02	1.689260e-02	1.693072e-02	
6.210550e-03	1.630119e-02	6.167423e-03	6.186682e-03	6.202816e-03	6.216563e-03	6.228505e-03	6.239209e-03	6.249256e-03	6.259241e-03	6.255684e-03	
6.070140e-03	1.623873e-02	6.123610e-03	6.111975e-03	6.100405e-03	6.088317e-03	6.075064e-03	6.060017e-03	6.042533e-03	6.021975e-03	6.021791e-03	
1.589059e-02	1.620164e-02	1.616059e-02	1.608852e-02	1.602113e-02	1.595485e-02	1.588633e-02	1.581233e-02	1.572951e-02	1.563431e-02	1.557759e-02	
5.925577e-03	5.973162e-03	5.976695e-03	5.965631e-03	5.954672e-03	5.943192e-03	5.930576e-03	5.916226e-03	5.899527e-03	5.879712e-03	1.553864e-02	
5.778086e-03	5.727473e-03	5.727464e-03	5.748482e-03	5.766444e-03	5.782013e-03	5.795862e-03	5.808651e-03	5.821052e-03	5.833689e-03	1.547303e-02	
1.510808e-02	1.478027e-02	1.483883e-02	1.493731e-02	1.502324e-02	1.510035e-02	1.517213e-02	1.524199e-02	1.531344e-02	1.539020e-02	1.543407e-02	
5.626631e-03	1.473956e-02	5.578164e-03	5.598476e-03	5.615691e-03	5.630602e-03	5.643853e-03	5.656076e-03	5.667914e-03	5.680025e-03	5.676526e-03	
5.472495e-03	1.467099e-02	5.530068e-03	5.516466e-03	5.503270e-03	5.489819e-03	5.475414e-03	5.459368e-03	5.440983e-03	5.419565e-03	5.419770e-03	
1.429032e-02	1.463028e-02	1.458373e-02	1.450249e-02	1.442720e-02	1.435396e-02	1.427913e-02	1.419914e-02	1.411037e-02	1.400891e-02	1.394866e-02	
5.314597e-03	5.366655e-03	5.370108e-03	5.356987e-03	5.344305e-03	5.331376e-03	5.317527e-03	5.302100e-03	5.284421e-03	5.263671e-03	1.390632e-02	
5.154273e-03	5.099590e-03	5.099191e-03	5.120945e-03	5.139699e-03	5.156174e-03	5.171093e-03	5.185166e-03	5.199118e-03	5.213644e-03	1.383500e-02	
1.343973e-02	1.308524e-02	1.314698e-02	1.325112e-02	1.334249e-02	1.342511e-02	1.350278e-02	1.357918e-02	1.365809e-02	1.374356e-02	1.379266e-02	
4.990397e-03	1.304139e-02	4.937164e-03	4.958290e-03	4.976382e-03	4.992280e-03	5.006685e-03	5.020281e-03	5.033770e-03	5.047862e-03	5.044464e-03	
4.824360e-03	1.296753e-02	4.885353e-03	4.869947e-03	4.855280e-03	4.840626e-03	4.825238e-03	4.808383e-03	4.789315e-03	4.767290e-03	4.767881e-03	
1.255883e-02	1.292367e-02	1.287218e-02	1.278272e-02	1.270042e-02	1.262109e-02	1.254082e-02	1.245580e-02	1.236212e-02	1.225560e-02	1.219255e-02	
4.654993e-03	4.710908e-03	4.714241e-03	4.699219e-03	4.684963e-03	4.670739e-03	4.655821e-03	4.639499e-03	4.621048e-03	4.599608e-03	1.214732e-02	
4.483732e-03	4.425624e-03	4.424843e-03	4.447074e-03	4.466400e-03	4.483585e-03	4.499397e-03	4.514588e-03	4.529927e-03	4.546168e-03	1.207113e-02	
1.165021e-02	1.127323e-02	1.133741e-02	1.144599e-02	1.154171e-02	1.162888e-02	1.171151e-02	1.179354e-02	1.187899e-02	1.197215e-02	1.202590e-02	
4.309374e-03	1.122675e-02	4.252003e-03	4.273693e-03	4.292449e-03	4.309146e-03	4.324534e-03	4.339343e-03	4.354323e-03	4.370231e-03	4.366973e-03	
4.133398e-03	1.114847e-02	4.197092e-03	4.180063e-03	4.164098e-03	4.148414e-03	4.132225e-03	4.114761e-03	4.095235e-03	4.072863e-03	4.073833e-03	
1.071657e-02	1.110199e-02	1.104616e-02	1.094955e-02	1.086121e-02	1.077673e-02	1.069197e-02	1.060292e-02	1.050544e-02	1.039512e-02	1.033000e-02	
3.954565e-03	4.013677e-03	4.016849e-03	4.000103e-03	3.984443e-03	3.969092e-03	3.953281e-03	3.936258e-03	3.917253e-03	3.895377e-03	1.028242e-02	
3.774392e-03	3.713547e-03	3.712392e-03	3.734837e-03	3.754507e-03	3.772199e-03	3.788717e-03	3.804846e-03	3.821390e-03	3.839156e-03	1.020227e-02	
9.760671e-03	9.365657e-03	9.431520e-03	9.543250e-03	9.642200e-03	9.732881e-03	9.819507e-03	9.906196e-03	9.997163e-03	1.009692e-02	1.015468e-02	
3.591613e-03	9.317107e-03	3.530783e-03	3.552781e-03	3.571979e-03	3.589278e-03	3.605466e-03	3.621313e-03	3.637607e-03	3.655142e-03	3.652063e-03	
3.407777e-03	9.235325e-03	3.473419e-03	3.454969e-03	3.437896e-03	3.421368e-03	3.404570e-03	3.386702e-03	3.366948e-03	3.344494e-03	3.345831e-03	
8.785336e-03	9.186770e-03	9.127261e-03	9.024643e-03	8.931315e-03	8.842677e-03	8.754437e-03	8.662399e-03	8.562272e-03	8.449458e-03	8.383045e-03	
3.221592e-03	3.283201e-03	3.286176e-03	3.267906e-03	3.251028e-03	3.234732e-03	3.218215e-03	3.200691e-03	3.181357e-03	3.159301e-03	8.333670e-03	
3.034635e-03	2.971770e-03	2.970255e-03	2.992653e-03	3.012436e-03	3.030429e-03	3.047459e-03	3.064336e-03	3.081887e-03	3.100965e-03	8.250501e-03	
7.793442e-03	7.385057e-03	7.451829e-03	7.565400e-03	7.666418e-03	7.759547e-03	7.849145e-03	7.939469e-03	8.034878e-03	8.140041e-03	8.201122e-03	
2.845596e-03	7.335003e-03	2.782020e-03	2.804073e-03	2.823501e-03	2.841215e-03	2.858025e-03	2.874727e-03	2.892133e-03	2.911067e-03	2.908192e-03	
2.656076e-03	7.250690e-03	2.722873e-03	2.703235e-03	2.685294e-03	2.668163e-03	2.650989e-03	2.632940e-03	2.613169e-03	2.590844e-03	2.592502e-03	
6.787951e-03	7.200632e-03	7.138112e-03	7.030749e-03	6.933667e-03	6.842082e-03	6.751522e-03	6.657629e-03	6.555962e-03	6.441800e-03	6.374751e-03	
2.464238e-03	2.527229e-03	2.529830e-03	2.510635e-03	2.493258e-03	2.476748e-03	2.460166e-03	2.442595e-03	2.423095e-03	2.400630e-03	6.324161e-03	
2.271705e-03	2.206190e-03	2.204166e-03	2.227365e-03	2.248482e-03	2.268056e-03	2.286642e-03	2.304775e-03	2.322991e-03	2.341824e-03	6.238945e-03	
5.766473e-03	5.343088e-03	5.411002e-03	5.528999e-03	5.635984e-03	5.735684e-03	5.831553e-03	5.926936e-03	6.025210e-03	6.129906e-03	6.188352e-03	
2.094874e-03	5.291334e-03	1.994383e-03	2.024004e-03	2.053998e-03	2.082221e-03	2.109383e-03	2.136412e-03	2.164281e-03	2.194038e-03	2.183135e-03	
1.935221e-03	5.204159e-03	1.901672e-03	1.901686e-03	1.910912e-03	1.920299e-03	1.929395e-03	1.938456e-03	1.947856e-03	1.958510e-03	1.954580e-03	
4.918773e-03	5.152402e-03	4.918506e-03	4.880418e-03	4.877369e-03	4.877224e-03	4.877318e-03	4.877449e-03	4.877810e-03	4.880866e-03	4.898891e-03	
