2.131787e-12	
2.110390e-12	
2.088994e-12	
2.067597e-12	
2.046201e-12	
2.024804e-12	
2.003408e-12	
1.982011e-12	
1.960615e-12	
1.939218e-12	
1.917822e-12	
1.896425e-12	
1.875029e-12	
1.853632e-12	
1.832235e-12	
1.810839e-12	
1.789442e-12	
1.768046e-12	
1.746649e-12	
1.725253e-12	
1.703856e-12	
1.682460e-12	
1.661063e-12	
1.639667e-12	
1.618270e-12	
1.596873e-12	
1.575477e-12	
1.554080e-12	
1.532684e-12	
1.511287e-12	
1.489891e-12	
1.468494e-12	
1.447098e-12	
1.425701e-12	
1.404305e-12	
1.382908e-12	
1.361512e-12	
1.340115e-12	
1.318718e-12	
1.297322e-12	
1.275925e-12	
1.254529e-12	
1.233132e-12	
1.211736e-12	
1.190339e-12	
1.168943e-12	
1.147546e-12	
1.126150e-12	
1.104753e-12	
1.083357e-12	
1.061960e-12	
1.040564e-12	
1.019167e-12	
9.977704e-13	
9.763739e-13	
9.549774e-13	
9.335808e-13	
9.121843e-13	
8.907878e-13	
8.693912e-13	
8.479947e-13	
8.265982e-13	
8.052016e-13	
7.838051e-13	
7.624086e-13	
7.410121e-13	
7.196155e-13	
6.982190e-13	
6.768225e-13	
6.554259e-13	
6.340294e-13	
6.126329e-13	
5.912363e-13	
5.698398e-13	
5.484433e-13	
5.270468e-13	
5.056502e-13	
4.842537e-13	
4.628572e-13	
4.414607e-13	
4.200641e-13	
3.986676e-13	
3.772711e-13	
3.558746e-13	
3.344780e-13	
3.130815e-13	
2.916850e-13	
2.702885e-13	
2.488919e-13	
2.274954e-13	
2.060989e-13	
1.847024e-13	
1.633058e-13	
1.419093e-13	
1.205128e-13	
9.911629e-14	
7.771977e-14	
5.632325e-14	
3.492673e-14	
1.353021e-14	
