2.131788e-12	
2.110386e-12	
2.088984e-12	
2.067583e-12	
2.046181e-12	
2.024779e-12	
2.003378e-12	
1.981976e-12	
1.960574e-12	
1.939173e-12	
1.917771e-12	
1.896369e-12	
1.874968e-12	
1.853566e-12	
1.832164e-12	
1.810763e-12	
1.789361e-12	
1.767959e-12	
1.746558e-12	
1.725156e-12	
1.703754e-12	
1.682353e-12	
1.660951e-12	
1.639550e-12	
1.618148e-12	
1.596746e-12	
1.575345e-12	
1.553943e-12	
1.532542e-12	
1.511140e-12	
1.489739e-12	
1.468337e-12	
1.446936e-12	
1.425534e-12	
1.404133e-12	
1.382731e-12	
1.361330e-12	
1.339928e-12	
1.318527e-12	
1.297125e-12	
1.275724e-12	
1.254322e-12	
1.232921e-12	
1.211520e-12	
1.190118e-12	
1.168717e-12	
1.147315e-12	
1.125914e-12	
1.104513e-12	
1.083111e-12	
1.061710e-12	
1.040309e-12	
1.018908e-12	
9.975063e-13	
9.761051e-13	
9.547039e-13	
9.333026e-13	
9.119014e-13	
8.905003e-13	
8.690991e-13	
8.476979e-13	
8.262968e-13	
8.048956e-13	
7.834945e-13	
7.620934e-13	
7.406923e-13	
7.192913e-13	
6.978902e-13	
6.764892e-13	
6.550881e-13	
6.336871e-13	
6.122861e-13	
5.908851e-13	
5.694842e-13	
5.480832e-13	
5.266823e-13	
5.052813e-13	
4.838804e-13	
4.624795e-13	
4.410786e-13	
4.196778e-13	
3.982769e-13	
3.768760e-13	
3.554752e-13	
3.340744e-13	
3.126736e-13	
2.912728e-13	
2.698720e-13	
2.484712e-13	
2.270705e-13	
2.056697e-13	
1.842690e-13	
1.628683e-13	
1.414676e-13	
1.200669e-13	
9.866621e-14	
7.726554e-14	
5.586488e-14	
3.446423e-14	
1.306359e-14	
