6.779603e-01	6.786654e-01	6.793300e-01	6.795162e-01	6.795468e-01	6.795550e-01	6.795566e-01	6.795348e-01	6.793484e-01	6.779723e-01	6.728967e-01	
2.543632e-01	2.540206e-01	2.540357e-01	2.543686e-01	2.546251e-01	2.548481e-01	2.550499e-01	2.552329e-01	2.553635e-01	2.551480e-01	6.717966e-01	
2.508802e-01	2.489583e-01	2.488386e-01	2.496984e-01	2.504428e-01	2.511044e-01	2.517074e-01	2.522719e-01	2.528059e-01	2.532268e-01	6.699432e-01	
6.594686e-01	6.500141e-01	6.517692e-01	6.547572e-01	6.573748e-01	6.597080e-01	6.618366e-01	6.638371e-01	6.657866e-01	6.677670e-01	6.688425e-01	
2.468758e-01	6.488333e-01	2.455321e-01	2.461831e-01	2.467315e-01	2.471964e-01	2.475902e-01	2.479245e-01	2.482108e-01	2.484607e-01	2.483121e-01	
2.423834e-01	6.468438e-01	2.441566e-01	2.438429e-01	2.435125e-01	2.431466e-01	2.427218e-01	2.422156e-01	2.416042e-01	2.408643e-01	2.408227e-01	
6.356348e-01	6.456624e-01	6.444740e-01	6.423493e-01	6.403089e-01	6.382376e-01	6.360273e-01	6.335716e-01	6.307619e-01	6.274816e-01	6.255090e-01	
2.377039e-01	2.392335e-01	2.393802e-01	2.391065e-01	2.388104e-01	2.384717e-01	2.380706e-01	2.375879e-01	2.370036e-01	2.362909e-01	6.242344e-01	
2.328770e-01	2.311931e-01	2.312243e-01	2.320014e-01	2.326521e-01	2.331985e-01	2.336632e-01	2.340680e-01	2.344355e-01	2.347845e-01	6.220871e-01	
6.100264e-01	5.991471e-01	6.012216e-01	6.046822e-01	6.076611e-01	6.102820e-01	6.126607e-01	6.149100e-01	6.171459e-01	6.194922e-01	6.208120e-01	
2.278581e-01	5.977825e-01	2.263169e-01	2.270598e-01	2.276740e-01	2.281874e-01	2.286211e-01	2.289957e-01	2.293323e-01	2.296527e-01	2.295050e-01	
2.226901e-01	5.954835e-01	2.247043e-01	2.243101e-01	2.239046e-01	2.234671e-01	2.229734e-01	2.224003e-01	2.217235e-01	2.209197e-01	2.208962e-01	
5.826080e-01	5.941183e-01	5.926683e-01	5.901033e-01	5.876768e-01	5.852568e-01	5.827195e-01	5.799445e-01	5.768084e-01	5.731790e-01	5.710083e-01	
2.173364e-01	2.190952e-01	2.192427e-01	2.188755e-01	2.184988e-01	2.180897e-01	2.176253e-01	2.170838e-01	2.164424e-01	2.156719e-01	5.695577e-01	
2.118427e-01	2.099439e-01	2.099594e-01	2.107871e-01	2.114877e-01	2.120860e-01	2.126074e-01	2.130768e-01	2.135193e-01	2.139577e-01	5.671138e-01	
5.534619e-01	5.411763e-01	5.434367e-01	5.472237e-01	5.505076e-01	5.534283e-01	5.561167e-01	5.587004e-01	5.613103e-01	5.640866e-01	5.656626e-01	
2.061702e-01	5.396439e-01	2.043874e-01	2.051830e-01	2.058496e-01	2.064177e-01	2.069113e-01	2.073539e-01	2.077694e-01	2.081825e-01	2.080356e-01	
2.003672e-01	5.370625e-01	2.025766e-01	2.020954e-01	2.016170e-01	2.011173e-01	2.005697e-01	1.999480e-01	1.992257e-01	1.983766e-01	1.983691e-01	
5.226750e-01	5.355296e-01	5.338324e-01	5.308531e-01	5.280674e-01	5.253278e-01	5.224964e-01	5.194386e-01	5.160167e-01	5.120834e-01	5.097401e-01	
1.943928e-01	1.963593e-01	1.965052e-01	1.960475e-01	1.955942e-01	1.951196e-01	1.945982e-01	1.940053e-01	1.933154e-01	1.924970e-01	5.081307e-01	
1.882979e-01	1.862065e-01	1.862059e-01	1.870739e-01	1.878158e-01	1.884589e-01	1.890312e-01	1.895597e-01	1.900725e-01	1.905951e-01	5.054193e-01	
4.903392e-01	4.767938e-01	4.792129e-01	4.832809e-01	4.868304e-01	4.900161e-01	4.929822e-01	4.958695e-01	4.988226e-01	5.019960e-01	5.038094e-01	
1.820394e-01	4.751120e-01	1.800362e-01	1.808750e-01	1.815861e-01	1.822021e-01	1.827497e-01	1.832550e-01	1.837445e-01	1.842455e-01	1.841012e-01	
1.756708e-01	4.722789e-01	1.780489e-01	1.774864e-01	1.769409e-01	1.763850e-01	1.757899e-01	1.751272e-01	1.743680e-01	1.734837e-01	1.734924e-01	
4.565511e-01	4.705967e-01	4.686724e-01	4.653145e-01	4.622028e-01	4.591764e-01	4.560846e-01	4.527805e-01	4.491138e-01	4.449235e-01	4.424356e-01	
1.691470e-01	1.712978e-01	1.714402e-01	1.708975e-01	1.703730e-01	1.698386e-01	1.692664e-01	1.686292e-01	1.678991e-01	1.670424e-01	4.406865e-01	
1.625236e-01	1.602648e-01	1.602480e-01	1.611459e-01	1.619202e-01	1.626004e-01	1.632167e-01	1.637982e-01	1.643750e-01	1.649756e-01	4.377401e-01	
4.214117e-01	4.067683e-01	4.093174e-01	4.136176e-01	4.173905e-01	4.208031e-01	4.240114e-01	4.271680e-01	4.304289e-01	4.339614e-01	4.359907e-01	
1.557539e-01	4.049571e-01	1.535543e-01	1.544263e-01	1.551732e-01	1.558298e-01	1.564249e-01	1.569868e-01	1.575446e-01	1.581275e-01	1.579874e-01	
1.488957e-01	4.019062e-01	1.514142e-01	1.507772e-01	1.501709e-01	1.495655e-01	1.489300e-01	1.482342e-01	1.474471e-01	1.465383e-01	1.465630e-01	
3.850260e-01	4.000947e-01	3.979665e-01	3.942700e-01	3.908695e-01	3.875923e-01	3.842770e-01	3.807662e-01	3.768984e-01	3.725011e-01	3.698983e-01	
1.419003e-01	1.442098e-01	1.443471e-01	1.437258e-01	1.431364e-01	1.425486e-01	1.419324e-01	1.412585e-01	1.404969e-01	1.396121e-01	3.680305e-01	
1.348276e-01	1.324282e-01	1.323956e-01	1.333126e-01	1.341101e-01	1.348193e-01	1.354722e-01	1.360997e-01	1.367337e-01	1.374051e-01	3.648842e-01	
3.475025e-01	3.319358e-01	3.345844e-01	3.390657e-01	3.430168e-01	3.466156e-01	3.500279e-01	3.534159e-01	3.569458e-01	3.607953e-01	3.630161e-01	
1.276275e-01	3.300169e-01	1.252577e-01	1.261525e-01	1.269264e-01	1.276157e-01	1.282512e-01	1.288631e-01	1.294823e-01	1.301402e-01	1.300061e-01	
1.203615e-01	3.267846e-01	1.229903e-01	1.222864e-01	1.216267e-01	1.209790e-01	1.203106e-01	1.195900e-01	1.187846e-01	1.178620e-01	1.179024e-01	
3.089534e-01	3.248655e-01	3.225587e-01	3.185677e-01	3.149190e-01	3.114302e-01	3.079311e-01	3.042552e-01	3.002325e-01	2.956807e-01	2.929941e-01	
1.129782e-01	1.154187e-01	1.155493e-01	1.148568e-01	1.142095e-01	1.135753e-01	1.129225e-01	1.122199e-01	1.114359e-01	1.105337e-01	2.910299e-01	
1.055405e-01	1.030292e-01	1.029810e-01	1.039063e-01	1.047174e-01	1.054472e-01	1.061290e-01	1.067950e-01	1.074785e-01	1.082128e-01	2.877212e-01	
2.694937e-01	2.531895e-01	2.559061e-01	2.605149e-01	2.645971e-01	2.683391e-01	2.719146e-01	2.754937e-01	2.792504e-01	2.833709e-01	2.857568e-01	
9.799595e-02	2.511859e-01	9.548415e-02	9.639107e-02	9.718281e-02	9.789656e-02	9.856485e-02	9.921942e-02	9.989280e-02	1.006178e-01	1.004912e-01	
9.040887e-02	2.478107e-01	9.311664e-02	9.235418e-02	9.164892e-02	9.096660e-02	9.027348e-02	8.953663e-02	8.872233e-02	8.779702e-02	8.785273e-02	
2.292412e-01	2.458068e-01	2.433490e-01	2.391112e-01	2.352579e-01	2.315991e-01	2.279579e-01	2.241610e-01	2.200313e-01	2.153793e-01	2.126409e-01	
8.272561e-02	8.526807e-02	8.539034e-02	8.463503e-02	8.393761e-02	8.326464e-02	8.258295e-02	8.186013e-02	8.106301e-02	8.015405e-02	2.106037e-01	
7.501171e-02	7.241835e-02	7.235528e-02	7.327791e-02	7.409309e-02	7.483485e-02	7.553734e-02	7.623392e-02	7.695877e-02	7.774702e-02	2.071721e-01	
1.883160e-01	1.714687e-01	1.742209e-01	1.789026e-01	1.830677e-01	1.869085e-01	1.906048e-01	1.943322e-01	1.982706e-01	2.026126e-01	2.051348e-01	
6.721277e-02	1.694040e-01	6.458874e-02	6.549727e-02	6.629797e-02	6.702840e-02	6.772203e-02	6.841159e-02	6.913069e-02	6.991330e-02	6.979526e-02	
5.939530e-02	1.659262e-01	6.214895e-02	6.133772e-02	6.059693e-02	5.989004e-02	5.918183e-02	5.843799e-02	5.762367e-02	5.670447e-02	5.677345e-02	
1.468412e-01	1.638615e-01	1.612804e-01	1.568487e-01	1.528422e-01	1.490637e-01	1.453288e-01	1.414577e-01	1.372673e-01	1.325629e-01	1.298003e-01	
5.148320e-02	5.408123e-02	5.418792e-02	5.339465e-02	5.267684e-02	5.199532e-02	5.131132e-02	5.058699e-02	4.978360e-02	4.885847e-02	1.277141e-01	
4.354380e-02	4.084277e-02	4.075867e-02	4.171356e-02	4.258309e-02	4.338951e-02	4.415568e-02	4.490368e-02	4.565560e-02	4.643352e-02	1.242002e-01	
1.047198e-01	8.726424e-02	9.006154e-02	9.492246e-02	9.933071e-02	1.034400e-01	1.073925e-01	1.113264e-01	1.153809e-01	1.197015e-01	1.221140e-01	
3.625254e-02	8.513079e-02	3.210860e-02	3.332872e-02	3.456463e-02	3.572790e-02	3.684779e-02	3.796256e-02	3.911237e-02	4.034040e-02	3.989146e-02	
2.967061e-02	8.153718e-02	2.828713e-02	2.828739e-02	2.866751e-02	2.905446e-02	2.942947e-02	2.980318e-02	3.019102e-02	3.063065e-02	3.046876e-02	
6.977275e-02	7.940363e-02	6.976174e-02	6.819163e-02	6.806595e-02	6.805997e-02	6.806383e-02	6.806926e-02	6.808411e-02	6.821011e-02	6.895316e-02	
