2.131784e-12	
2.110389e-12	
2.088994e-12	
2.067599e-12	
2.046204e-12	
2.024809e-12	
2.003414e-12	
1.982019e-12	
1.960624e-12	
1.939229e-12	
1.917835e-12	
1.896440e-12	
1.875045e-12	
1.853650e-12	
1.832255e-12	
1.810860e-12	
1.789465e-12	
1.768070e-12	
1.746675e-12	
1.725280e-12	
1.703885e-12	
1.682491e-12	
1.661096e-12	
1.639701e-12	
1.618306e-12	
1.596911e-12	
1.575516e-12	
1.554121e-12	
1.532726e-12	
1.511331e-12	
1.489937e-12	
1.468542e-12	
1.447147e-12	
1.425752e-12	
1.404357e-12	
1.382962e-12	
1.361567e-12	
1.340172e-12	
1.318777e-12	
1.297382e-12	
1.275988e-12	
1.254593e-12	
1.233198e-12	
1.211803e-12	
1.190408e-12	
1.169013e-12	
1.147618e-12	
1.126223e-12	
1.104828e-12	
1.083433e-12	
1.062039e-12	
1.040644e-12	
1.019249e-12	
9.978539e-13	
9.764590e-13	
9.550641e-13	
9.336692e-13	
9.122743e-13	
8.908794e-13	
8.694845e-13	
8.480896e-13	
8.266947e-13	
8.052998e-13	
7.839049e-13	
7.625100e-13	
7.411151e-13	
7.197202e-13	
6.983253e-13	
6.769305e-13	
6.555356e-13	
6.341407e-13	
6.127458e-13	
5.913509e-13	
5.699560e-13	
5.485611e-13	
5.271662e-13	
5.057713e-13	
4.843764e-13	
4.629815e-13	
4.415867e-13	
4.201918e-13	
3.987969e-13	
3.774020e-13	
3.560071e-13	
3.346122e-13	
3.132173e-13	
2.918224e-13	
2.704275e-13	
2.490327e-13	
2.276378e-13	
2.062429e-13	
1.848480e-13	
1.634531e-13	
1.420582e-13	
1.206633e-13	
9.926846e-14	
7.787358e-14	
5.647870e-14	
3.508381e-14	
1.368893e-14	
