3.060346e-03	3.060613e-03	3.060863e-03	3.060934e-03	3.060945e-03	3.060948e-03	3.060949e-03	3.060941e-03	3.060870e-03	3.060351e-03	3.058434e-03	
1.152473e-03	1.152344e-03	1.152350e-03	1.152475e-03	1.152572e-03	1.152656e-03	1.152732e-03	1.152801e-03	1.152850e-03	1.152769e-03	3.058019e-03	
1.151158e-03	1.150433e-03	1.150388e-03	1.150713e-03	1.150995e-03	1.151245e-03	1.151472e-03	1.151685e-03	1.151886e-03	1.152044e-03	3.057319e-03	
3.053363e-03	3.049792e-03	3.050456e-03	3.051587e-03	3.052578e-03	3.053459e-03	3.054263e-03	3.055018e-03	3.055753e-03	3.056499e-03	3.056904e-03	
1.149648e-03	3.049346e-03	1.149141e-03	1.149388e-03	1.149596e-03	1.149772e-03	1.149920e-03	1.150046e-03	1.150153e-03	1.150246e-03	1.150190e-03	
1.147951e-03	3.048594e-03	1.148622e-03	1.148505e-03	1.148381e-03	1.148243e-03	1.148083e-03	1.147891e-03	1.147658e-03	1.147377e-03	1.147361e-03	
3.044355e-03	3.048147e-03	3.047701e-03	3.046902e-03	3.046134e-03	3.045352e-03	3.044516e-03	3.043586e-03	3.042520e-03	3.041274e-03	3.040525e-03	
1.146183e-03	1.146761e-03	1.146818e-03	1.146716e-03	1.146606e-03	1.146479e-03	1.146327e-03	1.146144e-03	1.145922e-03	1.145651e-03	3.040042e-03	
1.144357e-03	1.143719e-03	1.143732e-03	1.144029e-03	1.144277e-03	1.144485e-03	1.144661e-03	1.144814e-03	1.144952e-03	1.145081e-03	3.039229e-03	
3.034659e-03	3.030535e-03	3.031327e-03	3.032646e-03	3.033781e-03	3.034776e-03	3.035678e-03	3.036528e-03	3.037370e-03	3.038252e-03	3.038747e-03	
1.142457e-03	3.030017e-03	1.141876e-03	1.142160e-03	1.142395e-03	1.142590e-03	1.142754e-03	1.142895e-03	1.143020e-03	1.143138e-03	1.143081e-03	
1.140496e-03	3.029145e-03	1.141265e-03	1.141118e-03	1.140967e-03	1.140801e-03	1.140614e-03	1.140394e-03	1.140135e-03	1.139825e-03	1.139815e-03	
3.024252e-03	3.028627e-03	3.028083e-03	3.027118e-03	3.026203e-03	3.025287e-03	3.024322e-03	3.023264e-03	3.022065e-03	3.020675e-03	3.019842e-03	
1.138464e-03	1.139132e-03	1.139190e-03	1.139055e-03	1.138915e-03	1.138762e-03	1.138585e-03	1.138379e-03	1.138132e-03	1.137836e-03	3.019290e-03	
1.136373e-03	1.135649e-03	1.135657e-03	1.135978e-03	1.136248e-03	1.136478e-03	1.136678e-03	1.136855e-03	1.137021e-03	1.137184e-03	3.018359e-03	
3.013153e-03	3.008465e-03	3.009337e-03	3.010796e-03	3.012058e-03	3.013176e-03	3.014202e-03	3.015183e-03	3.016169e-03	3.017215e-03	3.017807e-03	
1.134212e-03	3.007880e-03	1.133537e-03	1.133846e-03	1.134103e-03	1.134321e-03	1.134509e-03	1.134676e-03	1.134830e-03	1.134981e-03	1.134923e-03	
1.131995e-03	3.006893e-03	1.132846e-03	1.132667e-03	1.132488e-03	1.132298e-03	1.132088e-03	1.131848e-03	1.131566e-03	1.131235e-03	1.131229e-03	
3.001383e-03	3.006307e-03	3.005668e-03	3.004544e-03	3.003488e-03	3.002444e-03	3.001359e-03	3.000182e-03	2.998860e-03	2.997336e-03	2.996426e-03	
1.129709e-03	1.130462e-03	1.130520e-03	1.130352e-03	1.130184e-03	1.130005e-03	1.129806e-03	1.129577e-03	1.129309e-03	1.128989e-03	2.995808e-03	
1.127370e-03	1.126564e-03	1.126567e-03	1.126909e-03	1.127200e-03	1.127450e-03	1.127671e-03	1.127872e-03	1.128065e-03	1.128260e-03	2.994767e-03	
2.988964e-03	2.983747e-03	2.984693e-03	2.986280e-03	2.987660e-03	2.988893e-03	2.990035e-03	2.991140e-03	2.992263e-03	2.993464e-03	2.994149e-03	
1.124963e-03	2.983098e-03	1.124200e-03	1.124530e-03	1.124808e-03	1.125047e-03	1.125258e-03	1.125449e-03	1.125631e-03	1.125815e-03	1.125756e-03	
1.122506e-03	2.982005e-03	1.123433e-03	1.123224e-03	1.123018e-03	1.122805e-03	1.122574e-03	1.122314e-03	1.122014e-03	1.121663e-03	1.121662e-03	
2.975919e-03	2.981355e-03	2.980626e-03	2.979350e-03	2.978162e-03	2.976998e-03	2.975801e-03	2.974514e-03	2.973079e-03	2.971432e-03	2.970452e-03	
1.119984e-03	1.120815e-03	1.120874e-03	1.120674e-03	1.120479e-03	1.120276e-03	1.120055e-03	1.119806e-03	1.119518e-03	1.119178e-03	2.969773e-03	
1.117413e-03	1.116532e-03	1.116530e-03	1.116891e-03	1.117200e-03	1.117469e-03	1.117709e-03	1.117933e-03	1.118152e-03	1.118376e-03	2.968629e-03	
2.962272e-03	2.956565e-03	2.957577e-03	2.959281e-03	2.960769e-03	2.962108e-03	2.963357e-03	2.964578e-03	2.965829e-03	2.967178e-03	2.967949e-03	
1.114779e-03	2.955857e-03	1.113932e-03	1.114282e-03	1.114579e-03	1.114838e-03	1.115069e-03	1.115283e-03	1.115492e-03	1.115707e-03	1.115648e-03	
1.112100e-03	2.954665e-03	1.113097e-03	1.112858e-03	1.112627e-03	1.112393e-03	1.112143e-03	1.111865e-03	1.111548e-03	1.111179e-03	1.111184e-03	
2.948048e-03	2.953957e-03	2.953143e-03	2.951725e-03	2.950413e-03	2.949138e-03	2.947838e-03	2.946450e-03	2.944912e-03	2.943155e-03	2.942112e-03	
1.109359e-03	1.110264e-03	1.110323e-03	1.110093e-03	1.109871e-03	1.109646e-03	1.109405e-03	1.109138e-03	1.108832e-03	1.108473e-03	2.941376e-03	
1.106576e-03	1.105627e-03	1.105620e-03	1.105997e-03	1.106321e-03	1.106607e-03	1.106866e-03	1.107110e-03	1.107353e-03	1.107606e-03	2.940138e-03	
2.933274e-03	2.927118e-03	2.928190e-03	2.929998e-03	2.931584e-03	2.933018e-03	2.934366e-03	2.935693e-03	2.937064e-03	2.938549e-03	2.939402e-03	
1.103735e-03	2.926357e-03	1.102811e-03	1.103178e-03	1.103492e-03	1.103768e-03	1.104018e-03	1.104253e-03	1.104487e-03	1.104732e-03	1.104673e-03	
1.100853e-03	2.925074e-03	1.101912e-03	1.101646e-03	1.101392e-03	1.101138e-03	1.100871e-03	1.100578e-03	1.100246e-03	1.099862e-03	1.099872e-03	
2.917975e-03	2.924313e-03	2.923421e-03	2.921872e-03	2.920445e-03	2.919069e-03	2.917674e-03	2.916196e-03	2.914566e-03	2.912711e-03	2.911612e-03	
1.097915e-03	1.098885e-03	1.098944e-03	1.098686e-03	1.098440e-03	1.098194e-03	1.097935e-03	1.097651e-03	1.097330e-03	1.096955e-03	2.910826e-03	
1.094939e-03	1.093929e-03	1.093917e-03	1.094307e-03	1.094645e-03	1.094945e-03	1.095220e-03	1.095483e-03	1.095748e-03	1.096028e-03	2.909502e-03	
2.902181e-03	2.895621e-03	2.896745e-03	2.898644e-03	2.900316e-03	2.901836e-03	2.903273e-03	2.904696e-03	2.906176e-03	2.907787e-03	2.908716e-03	
1.091910e-03	2.894812e-03	1.090917e-03	1.091298e-03	1.091626e-03	1.091918e-03	1.092185e-03	1.092441e-03	1.092698e-03	1.092970e-03	1.092912e-03	
1.088847e-03	2.893449e-03	1.089962e-03	1.089670e-03	1.089394e-03	1.089123e-03	1.088840e-03	1.088534e-03	1.088189e-03	1.087794e-03	1.087808e-03	
2.885918e-03	2.892639e-03	2.891676e-03	2.890006e-03	2.888476e-03	2.887008e-03	2.885530e-03	2.883971e-03	2.882261e-03	2.880321e-03	2.879174e-03	
1.085732e-03	1.086762e-03	1.086820e-03	1.086535e-03	1.086267e-03	1.086002e-03	1.085727e-03	1.085429e-03	1.085094e-03	1.084706e-03	2.878343e-03	
1.082586e-03	1.081521e-03	1.081504e-03	1.081905e-03	1.082254e-03	1.082567e-03	1.082856e-03	1.083136e-03	1.083421e-03	1.083725e-03	2.876943e-03	
2.869216e-03	2.862300e-03	2.863468e-03	2.865445e-03	2.867191e-03	2.868786e-03	2.870302e-03	2.871812e-03	2.873390e-03	2.875115e-03	2.876112e-03	
1.079391e-03	2.861448e-03	1.078335e-03	1.078728e-03	1.079069e-03	1.079374e-03	1.079657e-03	1.079930e-03	1.080209e-03	1.080506e-03	1.080448e-03	
1.076168e-03	2.860014e-03	1.077330e-03	1.077015e-03	1.076721e-03	1.076434e-03	1.076138e-03	1.075821e-03	1.075466e-03	1.075060e-03	1.075079e-03	
2.852106e-03	2.859162e-03	2.858133e-03	2.856356e-03	2.854736e-03	2.853189e-03	2.851639e-03	2.850013e-03	2.848233e-03	2.846219e-03	2.845030e-03	
1.072890e-03	1.073965e-03	1.074020e-03	1.073717e-03	1.073437e-03	1.073164e-03	1.072882e-03	1.072576e-03	1.072229e-03	1.071823e-03	2.844159e-03	
1.069578e-03	1.068443e-03	1.068418e-03	1.068845e-03	1.069228e-03	1.069576e-03	1.069899e-03	1.070207e-03	1.070509e-03	1.070812e-03	2.842693e-03	
2.834524e-03	2.827188e-03	2.828407e-03	2.830513e-03	2.832408e-03	2.834155e-03	2.835815e-03	2.837446e-03	2.839105e-03	2.840854e-03	2.841822e-03	
1.066527e-03	2.826287e-03	1.064800e-03	1.065330e-03	1.065861e-03	1.066355e-03	1.066825e-03	1.067287e-03	1.067757e-03	1.068254e-03	1.068056e-03	
1.063756e-03	2.824768e-03	1.063179e-03	1.063185e-03	1.063348e-03	1.063513e-03	1.063670e-03	1.063824e-03	1.063983e-03	1.064161e-03	1.064091e-03	
2.819798e-03	2.823867e-03	2.819794e-03	2.819130e-03	2.819077e-03	2.819075e-03	2.819077e-03	2.819079e-03	2.819085e-03	2.819138e-03	2.819452e-03	
