5.732007e-03	5.734759e-03	5.737352e-03	5.738079e-03	5.738198e-03	5.738230e-03	5.738237e-03	5.738151e-03	5.737424e-03	5.732054e-03	5.712246e-03	
2.155279e-03	2.153942e-03	2.154001e-03	2.155301e-03	2.156302e-03	2.157172e-03	2.157959e-03	2.158673e-03	2.159183e-03	2.158342e-03	5.707953e-03	
2.141687e-03	2.134187e-03	2.133721e-03	2.137077e-03	2.139982e-03	2.142564e-03	2.144917e-03	2.147120e-03	2.149203e-03	2.150845e-03	5.700720e-03	
5.659840e-03	5.622941e-03	5.629793e-03	5.641458e-03	5.651676e-03	5.660782e-03	5.669089e-03	5.676896e-03	5.684502e-03	5.692229e-03	5.696424e-03	
2.126062e-03	5.618333e-03	2.120819e-03	2.123361e-03	2.125502e-03	2.127316e-03	2.128853e-03	2.130157e-03	2.131273e-03	2.132247e-03	2.131667e-03	
2.108529e-03	5.610568e-03	2.115451e-03	2.114228e-03	2.112940e-03	2.111512e-03	2.109855e-03	2.107878e-03	2.105490e-03	2.102600e-03	2.102437e-03	
5.566816e-03	5.605957e-03	5.601322e-03	5.593035e-03	5.585074e-03	5.576992e-03	5.568364e-03	5.558777e-03	5.547805e-03	5.534994e-03	5.527290e-03	
2.090266e-03	2.096236e-03	2.096809e-03	2.095744e-03	2.094590e-03	2.093269e-03	2.091704e-03	2.089819e-03	2.087537e-03	2.084753e-03	5.522314e-03	
2.071423e-03	2.064849e-03	2.064972e-03	2.068010e-03	2.070552e-03	2.072687e-03	2.074501e-03	2.076081e-03	2.077514e-03	2.078873e-03	5.513932e-03	
5.466843e-03	5.424365e-03	5.432471e-03	5.445993e-03	5.457631e-03	5.467867e-03	5.477154e-03	5.485933e-03	5.494656e-03	5.503807e-03	5.508954e-03	
2.051831e-03	5.419036e-03	2.045817e-03	2.048722e-03	2.051122e-03	2.053127e-03	2.054820e-03	2.056281e-03	2.057592e-03	2.058838e-03	2.058260e-03	
2.031650e-03	5.410058e-03	2.039521e-03	2.037986e-03	2.036405e-03	2.034697e-03	2.032769e-03	2.030529e-03	2.027882e-03	2.024738e-03	2.024644e-03	
5.359771e-03	5.404727e-03	5.399073e-03	5.389068e-03	5.379600e-03	5.370152e-03	5.360242e-03	5.349399e-03	5.337141e-03	5.322952e-03	5.314464e-03	
2.010743e-03	2.017612e-03	2.018190e-03	2.016762e-03	2.015295e-03	2.013700e-03	2.011887e-03	2.009770e-03	2.007262e-03	2.004248e-03	5.308796e-03	
1.989282e-03	1.981863e-03	1.981926e-03	1.985167e-03	1.987909e-03	1.990249e-03	1.992287e-03	1.994119e-03	1.995845e-03	1.997552e-03	5.299249e-03	
5.245906e-03	5.197898e-03	5.206742e-03	5.221558e-03	5.234402e-03	5.245821e-03	5.256326e-03	5.266416e-03	5.276602e-03	5.287433e-03	5.293580e-03	
1.967120e-03	5.191908e-03	1.960161e-03	1.963276e-03	1.965885e-03	1.968107e-03	1.970035e-03	1.971761e-03	1.973379e-03	1.974986e-03	1.974409e-03	
1.944440e-03	5.181819e-03	1.953084e-03	1.951210e-03	1.949345e-03	1.947393e-03	1.945252e-03	1.942818e-03	1.939989e-03	1.936661e-03	1.936628e-03	
5.125572e-03	5.175827e-03	5.169206e-03	5.157580e-03	5.146704e-03	5.136000e-03	5.124930e-03	5.112968e-03	5.099575e-03	5.084175e-03	5.074999e-03	
1.921086e-03	1.928774e-03	1.929347e-03	1.927567e-03	1.925802e-03	1.923950e-03	1.921913e-03	1.919592e-03	1.916890e-03	1.913683e-03	5.068705e-03	
1.897252e-03	1.889070e-03	1.889072e-03	1.892477e-03	1.895386e-03	1.897906e-03	1.900145e-03	1.902210e-03	1.904210e-03	1.906246e-03	5.058101e-03	
4.999111e-03	4.946118e-03	4.955600e-03	4.971540e-03	4.985444e-03	4.997915e-03	5.009518e-03	5.020805e-03	5.032340e-03	5.044728e-03	5.051805e-03	
1.872772e-03	4.939536e-03	1.864945e-03	1.868236e-03	1.871024e-03	1.873436e-03	1.875578e-03	1.877550e-03	1.879457e-03	1.881406e-03	1.880837e-03	
1.847851e-03	4.928449e-03	1.857169e-03	1.854978e-03	1.852849e-03	1.850676e-03	1.848345e-03	1.845747e-03	1.842767e-03	1.839293e-03	1.839322e-03	
4.866883e-03	4.921866e-03	4.914354e-03	4.901239e-03	4.889078e-03	4.877240e-03	4.865136e-03	4.852191e-03	4.837816e-03	4.821381e-03	4.811620e-03	
1.822316e-03	1.830734e-03	1.831297e-03	1.829185e-03	1.827141e-03	1.825054e-03	1.822815e-03	1.820318e-03	1.817453e-03	1.814088e-03	4.804771e-03	
1.796378e-03	1.787527e-03	1.787468e-03	1.790999e-03	1.794042e-03	1.796712e-03	1.799127e-03	1.801402e-03	1.803654e-03	1.805995e-03	4.793232e-03	
4.729264e-03	4.671890e-03	4.681901e-03	4.698785e-03	4.713591e-03	4.726972e-03	4.739542e-03	4.751897e-03	4.764649e-03	4.778454e-03	4.786380e-03	
1.769860e-03	4.664791e-03	1.761255e-03	1.764684e-03	1.767618e-03	1.770194e-03	1.772524e-03	1.774720e-03	1.776895e-03	1.779163e-03	1.778609e-03	
1.742980e-03	4.652833e-03	1.752868e-03	1.750384e-03	1.748015e-03	1.745645e-03	1.743152e-03	1.740418e-03	1.737321e-03	1.733742e-03	1.733832e-03	
4.586646e-03	4.645732e-03	4.637414e-03	4.622960e-03	4.609653e-03	4.596816e-03	4.583816e-03	4.570035e-03	4.554841e-03	4.537557e-03	4.527322e-03	
1.715554e-03	1.724608e-03	1.725153e-03	1.722734e-03	1.720435e-03	1.718137e-03	1.715722e-03	1.713075e-03	1.710080e-03	1.706596e-03	4.519995e-03	
1.687808e-03	1.678389e-03	1.678269e-03	1.681886e-03	1.685028e-03	1.687819e-03	1.690382e-03	1.692841e-03	1.695319e-03	1.697939e-03	4.507651e-03	
4.439434e-03	4.378329e-03	4.388757e-03	4.406393e-03	4.421932e-03	4.436073e-03	4.449466e-03	4.462749e-03	4.476573e-03	4.491637e-03	4.500322e-03	
1.659552e-03	4.370794e-03	1.650267e-03	1.653796e-03	1.656844e-03	1.659554e-03	1.662046e-03	1.664441e-03	1.666858e-03	1.669420e-03	1.668886e-03	
1.631019e-03	4.358100e-03	1.641364e-03	1.638616e-03	1.636035e-03	1.633495e-03	1.630868e-03	1.628029e-03	1.624851e-03	1.621205e-03	1.621356e-03	
4.288045e-03	4.350563e-03	4.341534e-03	4.325905e-03	4.311603e-03	4.297912e-03	4.284163e-03	4.269703e-03	4.253862e-03	4.235925e-03	4.225333e-03	
1.602014e-03	1.611601e-03	1.612122e-03	1.609424e-03	1.606896e-03	1.604412e-03	1.601849e-03	1.599083e-03	1.595991e-03	1.592427e-03	4.217611e-03	
1.572775e-03	1.562894e-03	1.562714e-03	1.566377e-03	1.569583e-03	1.572463e-03	1.575146e-03	1.577760e-03	1.580436e-03	1.583304e-03	4.204603e-03	
4.132909e-03	4.068767e-03	4.079493e-03	4.097681e-03	4.113779e-03	4.128518e-03	4.142583e-03	4.156643e-03	4.171382e-03	4.187533e-03	4.196880e-03	
1.543102e-03	4.060880e-03	1.533241e-03	1.536830e-03	1.539957e-03	1.542771e-03	1.545398e-03	1.547963e-03	1.550595e-03	1.553422e-03	1.552915e-03	
1.513239e-03	4.047595e-03	1.523924e-03	1.520943e-03	1.518179e-03	1.515498e-03	1.512767e-03	1.509855e-03	1.506631e-03	1.502961e-03	1.503170e-03	
3.974465e-03	4.039707e-03	4.030070e-03	4.013443e-03	3.998309e-03	3.983920e-03	3.969578e-03	3.954602e-03	3.938293e-03	3.919905e-03	3.909075e-03	
1.482983e-03	1.492994e-03	1.493486e-03	1.490538e-03	1.487810e-03	1.485170e-03	1.482487e-03	1.479634e-03	1.476480e-03	1.472877e-03	3.901045e-03	
1.452581e-03	1.442351e-03	1.442113e-03	1.445781e-03	1.449015e-03	1.451951e-03	1.454723e-03	1.457464e-03	1.460307e-03	1.463391e-03	3.887521e-03	
3.813160e-03	3.746706e-03	3.757610e-03	3.776147e-03	3.792622e-03	3.807795e-03	3.822373e-03	3.837051e-03	3.852537e-03	3.869591e-03	3.879491e-03	
1.421827e-03	3.738557e-03	1.411502e-03	1.415111e-03	1.418285e-03	1.421173e-03	1.423907e-03	1.426615e-03	1.429430e-03	1.432486e-03	1.432009e-03	
1.390973e-03	3.724830e-03	1.401874e-03	1.398697e-03	1.395788e-03	1.393003e-03	1.390204e-03	1.387255e-03	1.384017e-03	1.380355e-03	1.380615e-03	
3.649456e-03	3.716680e-03	3.706538e-03	3.689111e-03	3.673337e-03	3.658439e-03	3.643686e-03	3.628369e-03	3.611765e-03	3.593103e-03	3.582137e-03	
1.359726e-03	1.369985e-03	1.370419e-03	1.367318e-03	1.364506e-03	1.361826e-03	1.359127e-03	1.356259e-03	1.353068e-03	1.349386e-03	3.573890e-03	
1.328342e-03	1.317654e-03	1.317335e-03	1.321145e-03	1.324608e-03	1.327811e-03	1.330844e-03	1.333796e-03	1.336753e-03	1.339801e-03	3.559999e-03	
3.482941e-03	3.413872e-03	3.424996e-03	3.444310e-03	3.461806e-03	3.478091e-03	3.493729e-03	3.509266e-03	3.525253e-03	3.542264e-03	3.551752e-03	
1.299509e-03	3.405425e-03	1.283130e-03	1.287980e-03	1.292885e-03	1.297494e-03	1.301924e-03	1.306327e-03	1.310860e-03	1.315694e-03	1.313907e-03	
1.273458e-03	3.391196e-03	1.267991e-03	1.267999e-03	1.269507e-03	1.271040e-03	1.272524e-03	1.273999e-03	1.275528e-03	1.277260e-03	1.276616e-03	
3.344613e-03	3.382748e-03	3.344570e-03	3.338353e-03	3.337855e-03	3.337832e-03	3.337847e-03	3.337868e-03	3.337927e-03	3.338426e-03	3.341368e-03	
