2.131786e-12	
2.110390e-12	
2.088994e-12	
2.067598e-12	
2.046202e-12	
2.024806e-12	
2.003411e-12	
1.982015e-12	
1.960619e-12	
1.939223e-12	
1.917827e-12	
1.896431e-12	
1.875035e-12	
1.853640e-12	
1.832244e-12	
1.810848e-12	
1.789452e-12	
1.768056e-12	
1.746660e-12	
1.725265e-12	
1.703869e-12	
1.682473e-12	
1.661077e-12	
1.639681e-12	
1.618285e-12	
1.596890e-12	
1.575494e-12	
1.554098e-12	
1.532702e-12	
1.511306e-12	
1.489910e-12	
1.468514e-12	
1.447119e-12	
1.425723e-12	
1.404327e-12	
1.382931e-12	
1.361535e-12	
1.340139e-12	
1.318744e-12	
1.297348e-12	
1.275952e-12	
1.254556e-12	
1.233160e-12	
1.211764e-12	
1.190369e-12	
1.168973e-12	
1.147577e-12	
1.126181e-12	
1.104785e-12	
1.083389e-12	
1.061993e-12	
1.040598e-12	
1.019202e-12	
9.978059e-13	
9.764101e-13	
9.550143e-13	
9.336184e-13	
9.122226e-13	
8.908267e-13	
8.694309e-13	
8.480351e-13	
8.266392e-13	
8.052434e-13	
7.838476e-13	
7.624517e-13	
7.410559e-13	
7.196600e-13	
6.982642e-13	
6.768684e-13	
6.554725e-13	
6.340767e-13	
6.126809e-13	
5.912850e-13	
5.698892e-13	
5.484934e-13	
5.270975e-13	
5.057017e-13	
4.843059e-13	
4.629100e-13	
4.415142e-13	
4.201184e-13	
3.987225e-13	
3.773267e-13	
3.559309e-13	
3.345350e-13	
3.131392e-13	
2.917434e-13	
2.703476e-13	
2.489517e-13	
2.275559e-13	
2.061601e-13	
1.847642e-13	
1.633684e-13	
1.419726e-13	
1.205768e-13	
9.918093e-14	
7.778510e-14	
5.638928e-14	
3.499345e-14	
1.359763e-14	
