2.131783e-12	
2.110388e-12	
2.088994e-12	
2.067599e-12	
2.046204e-12	
2.024809e-12	
2.003415e-12	
1.982020e-12	
1.960625e-12	
1.939230e-12	
1.917836e-12	
1.896441e-12	
1.875046e-12	
1.853651e-12	
1.832257e-12	
1.810862e-12	
1.789467e-12	
1.768072e-12	
1.746678e-12	
1.725283e-12	
1.703888e-12	
1.682493e-12	
1.661099e-12	
1.639704e-12	
1.618309e-12	
1.596914e-12	
1.575520e-12	
1.554125e-12	
1.532730e-12	
1.511335e-12	
1.489941e-12	
1.468546e-12	
1.447151e-12	
1.425756e-12	
1.404362e-12	
1.382967e-12	
1.361572e-12	
1.340177e-12	
1.318783e-12	
1.297388e-12	
1.275993e-12	
1.254598e-12	
1.233204e-12	
1.211809e-12	
1.190414e-12	
1.169019e-12	
1.147625e-12	
1.126230e-12	
1.104835e-12	
1.083440e-12	
1.062046e-12	
1.040651e-12	
1.019256e-12	
9.978614e-13	
9.764667e-13	
9.550719e-13	
9.336772e-13	
9.122824e-13	
8.908877e-13	
8.694929e-13	
8.480982e-13	
8.267035e-13	
8.053087e-13	
7.839140e-13	
7.625192e-13	
7.411245e-13	
7.197297e-13	
6.983350e-13	
6.769402e-13	
6.555455e-13	
6.341508e-13	
6.127560e-13	
5.913613e-13	
5.699665e-13	
5.485718e-13	
5.271771e-13	
5.057823e-13	
4.843876e-13	
4.629928e-13	
4.415981e-13	
4.202033e-13	
3.988086e-13	
3.774139e-13	
3.560191e-13	
3.346244e-13	
3.132297e-13	
2.918349e-13	
2.704402e-13	
2.490454e-13	
2.276507e-13	
2.062560e-13	
1.848612e-13	
1.634665e-13	
1.420718e-13	
1.206770e-13	
9.928228e-14	
7.788755e-14	
5.649281e-14	
3.509808e-14	
1.370334e-14	
