2.956734e-03	2.956937e-03	2.957128e-03	2.957182e-03	2.957190e-03	2.957193e-03	2.957193e-03	2.957187e-03	2.957133e-03	2.956738e-03	2.955278e-03	
1.113534e-03	1.113436e-03	1.113440e-03	1.113536e-03	1.113610e-03	1.113674e-03	1.113732e-03	1.113784e-03	1.113822e-03	1.113759e-03	2.954961e-03	
1.112533e-03	1.111980e-03	1.111946e-03	1.112194e-03	1.112408e-03	1.112599e-03	1.112772e-03	1.112934e-03	1.113087e-03	1.113207e-03	2.954428e-03	
2.951414e-03	2.948693e-03	2.949200e-03	2.950062e-03	2.950817e-03	2.951489e-03	2.952101e-03	2.952676e-03	2.953235e-03	2.953803e-03	2.954112e-03	
1.111382e-03	2.948353e-03	1.110997e-03	1.111185e-03	1.111343e-03	1.111477e-03	1.111590e-03	1.111686e-03	1.111767e-03	1.111838e-03	1.111795e-03	
1.110089e-03	2.947780e-03	1.110601e-03	1.110512e-03	1.110418e-03	1.110313e-03	1.110190e-03	1.110044e-03	1.109867e-03	1.109652e-03	1.109639e-03	
2.944550e-03	2.947440e-03	2.947100e-03	2.946493e-03	2.945908e-03	2.945312e-03	2.944675e-03	2.943966e-03	2.943153e-03	2.942203e-03	2.941631e-03	
1.108742e-03	1.109183e-03	1.109226e-03	1.109149e-03	1.109066e-03	1.108969e-03	1.108854e-03	1.108714e-03	1.108545e-03	1.108337e-03	2.941263e-03	
1.107350e-03	1.106864e-03	1.106874e-03	1.107101e-03	1.107291e-03	1.107449e-03	1.107584e-03	1.107700e-03	1.107805e-03	1.107903e-03	2.940643e-03	
2.937158e-03	2.934013e-03	2.934618e-03	2.935626e-03	2.936492e-03	2.937252e-03	2.937939e-03	2.938586e-03	2.939228e-03	2.939899e-03	2.940275e-03	
1.105902e-03	2.933618e-03	1.105460e-03	1.105677e-03	1.105856e-03	1.106005e-03	1.106130e-03	1.106237e-03	1.106332e-03	1.106421e-03	1.106377e-03	
1.104407e-03	2.932953e-03	1.104993e-03	1.104882e-03	1.104767e-03	1.104641e-03	1.104498e-03	1.104330e-03	1.104132e-03	1.103895e-03	1.103886e-03	
2.929219e-03	2.932557e-03	2.932143e-03	2.931410e-03	2.930713e-03	2.930014e-03	2.929278e-03	2.928470e-03	2.927553e-03	2.926490e-03	2.925853e-03	
1.102856e-03	1.103366e-03	1.103410e-03	1.103308e-03	1.103202e-03	1.103085e-03	1.102951e-03	1.102793e-03	1.102605e-03	1.102377e-03	2.925432e-03	
1.101260e-03	1.100707e-03	1.100713e-03	1.100959e-03	1.101167e-03	1.101343e-03	1.101495e-03	1.101630e-03	1.101757e-03	1.101880e-03	2.924721e-03	
2.920745e-03	2.917164e-03	2.917832e-03	2.918949e-03	2.919914e-03	2.920770e-03	2.921553e-03	2.922301e-03	2.923053e-03	2.923849e-03	2.924299e-03	
1.099610e-03	2.916716e-03	1.099095e-03	1.099332e-03	1.099529e-03	1.099696e-03	1.099839e-03	1.099966e-03	1.100083e-03	1.100198e-03	1.100153e-03	
1.097915e-03	2.915962e-03	1.098567e-03	1.098432e-03	1.098295e-03	1.098150e-03	1.097990e-03	1.097805e-03	1.097590e-03	1.097335e-03	1.097330e-03	
2.911749e-03	2.915514e-03	2.915028e-03	2.914171e-03	2.913366e-03	2.912569e-03	2.911740e-03	2.910838e-03	2.909825e-03	2.908656e-03	2.907958e-03	
1.096168e-03	1.096743e-03	1.096789e-03	1.096662e-03	1.096534e-03	1.096398e-03	1.096246e-03	1.096070e-03	1.095865e-03	1.095619e-03	2.907485e-03	
1.094378e-03	1.093761e-03	1.093764e-03	1.094028e-03	1.094251e-03	1.094444e-03	1.094613e-03	1.094767e-03	1.094913e-03	1.095061e-03	2.906689e-03	
2.902246e-03	2.898251e-03	2.898978e-03	2.900197e-03	2.901257e-03	2.902202e-03	2.903076e-03	2.903921e-03	2.904778e-03	2.905694e-03	2.906215e-03	
1.092536e-03	2.897754e-03	1.091953e-03	1.092208e-03	1.092422e-03	1.092605e-03	1.092766e-03	1.092911e-03	1.093050e-03	1.093189e-03	1.093143e-03	
1.090653e-03	2.896916e-03	1.091366e-03	1.091207e-03	1.091050e-03	1.090887e-03	1.090710e-03	1.090510e-03	1.090279e-03	1.090008e-03	1.090006e-03	
2.892250e-03	2.896418e-03	2.895862e-03	2.894889e-03	2.893980e-03	2.893090e-03	2.892172e-03	2.891184e-03	2.890080e-03	2.888812e-03	2.888058e-03	
1.088720e-03	1.089357e-03	1.089403e-03	1.089252e-03	1.089104e-03	1.088949e-03	1.088780e-03	1.088589e-03	1.088367e-03	1.088104e-03	2.887537e-03	
1.086748e-03	1.086071e-03	1.086071e-03	1.086350e-03	1.086588e-03	1.086796e-03	1.086980e-03	1.087152e-03	1.087318e-03	1.087489e-03	2.886659e-03	
2.881778e-03	2.877394e-03	2.878175e-03	2.879489e-03	2.880636e-03	2.881665e-03	2.882625e-03	2.883561e-03	2.884518e-03	2.885548e-03	2.886137e-03	
1.084726e-03	2.876850e-03	1.084077e-03	1.084348e-03	1.084577e-03	1.084776e-03	1.084954e-03	1.085117e-03	1.085276e-03	1.085439e-03	1.085393e-03	
1.082666e-03	2.875933e-03	1.083435e-03	1.083254e-03	1.083077e-03	1.082898e-03	1.082705e-03	1.082491e-03	1.082245e-03	1.081959e-03	1.081962e-03	
2.870844e-03	2.875389e-03	2.874767e-03	2.873683e-03	2.872677e-03	2.871699e-03	2.870698e-03	2.869629e-03	2.868441e-03	2.867083e-03	2.866276e-03	
1.080559e-03	1.081254e-03	1.081301e-03	1.081127e-03	1.080958e-03	1.080786e-03	1.080601e-03	1.080394e-03	1.080158e-03	1.079880e-03	2.865710e-03	
1.078416e-03	1.077684e-03	1.077680e-03	1.077973e-03	1.078225e-03	1.078446e-03	1.078646e-03	1.078833e-03	1.079019e-03	1.079211e-03	2.864756e-03	
2.859466e-03	2.854721e-03	2.855552e-03	2.856952e-03	2.858179e-03	2.859287e-03	2.860327e-03	2.861347e-03	2.862399e-03	2.863537e-03	2.864190e-03	
1.076226e-03	2.854134e-03	1.075517e-03	1.075802e-03	1.076046e-03	1.076259e-03	1.076452e-03	1.076632e-03	1.076810e-03	1.076996e-03	1.076949e-03	
1.074003e-03	2.853144e-03	1.074824e-03	1.074621e-03	1.074426e-03	1.074231e-03	1.074024e-03	1.073797e-03	1.073539e-03	1.073239e-03	1.073245e-03	
2.847662e-03	2.852557e-03	2.851873e-03	2.850684e-03	2.849587e-03	2.848527e-03	2.847450e-03	2.846306e-03	2.845041e-03	2.843601e-03	2.842747e-03	
1.071735e-03	1.072484e-03	1.072530e-03	1.072334e-03	1.072147e-03	1.071958e-03	1.071758e-03	1.071538e-03	1.071288e-03	1.070996e-03	2.842139e-03	
1.069434e-03	1.068652e-03	1.068644e-03	1.068949e-03	1.069213e-03	1.069447e-03	1.069660e-03	1.069863e-03	1.070066e-03	1.070279e-03	2.841115e-03	
2.835449e-03	2.830371e-03	2.831247e-03	2.832726e-03	2.834026e-03	2.835205e-03	2.836317e-03	2.837416e-03	2.838556e-03	2.839794e-03	2.840507e-03	
1.067090e-03	2.829744e-03	1.066324e-03	1.066623e-03	1.066879e-03	1.067105e-03	1.067312e-03	1.067508e-03	1.067705e-03	1.067912e-03	1.067865e-03	
1.064717e-03	2.828687e-03	1.065584e-03	1.065361e-03	1.065150e-03	1.064940e-03	1.064720e-03	1.064481e-03	1.064211e-03	1.063901e-03	1.063910e-03	
2.822846e-03	2.828060e-03	2.827319e-03	2.826033e-03	2.824852e-03	2.823716e-03	2.822569e-03	2.821357e-03	2.820023e-03	2.818509e-03	2.817613e-03	
1.062301e-03	1.063099e-03	1.063146e-03	1.062929e-03	1.062724e-03	1.062520e-03	1.062307e-03	1.062074e-03	1.061812e-03	1.061508e-03	2.816967e-03	
1.059857e-03	1.059028e-03	1.059017e-03	1.059333e-03	1.059607e-03	1.059852e-03	1.060077e-03	1.060294e-03	1.060514e-03	1.060746e-03	2.815879e-03	
2.809871e-03	2.804490e-03	2.805405e-03	2.806954e-03	2.808319e-03	2.809563e-03	2.810742e-03	2.811913e-03	2.813134e-03	2.814465e-03	2.815233e-03	
1.057373e-03	2.803826e-03	1.056555e-03	1.056864e-03	1.057132e-03	1.057370e-03	1.057590e-03	1.057801e-03	1.058014e-03	1.058241e-03	1.058195e-03	
1.054863e-03	2.802709e-03	1.055772e-03	1.055530e-03	1.055304e-03	1.055081e-03	1.054850e-03	1.054601e-03	1.054321e-03	1.054000e-03	1.054013e-03	
2.796543e-03	2.802046e-03	2.801251e-03	2.799876e-03	2.798620e-03	2.797417e-03	2.796209e-03	2.794937e-03	2.793541e-03	2.791959e-03	2.791024e-03	
1.052307e-03	1.053145e-03	1.053189e-03	1.052957e-03	1.052743e-03	1.052532e-03	1.052312e-03	1.052073e-03	1.051799e-03	1.051479e-03	2.790344e-03	
1.049721e-03	1.048832e-03	1.048814e-03	1.049153e-03	1.049456e-03	1.049730e-03	1.049983e-03	1.050223e-03	1.050456e-03	1.050690e-03	2.789198e-03	
2.782811e-03	2.777072e-03	2.778034e-03	2.779693e-03	2.781183e-03	2.782553e-03	2.783852e-03	2.785123e-03	2.786413e-03	2.787769e-03	2.788518e-03	
1.047336e-03	2.776366e-03	1.045987e-03	1.046406e-03	1.046823e-03	1.047210e-03	1.047578e-03	1.047938e-03	1.048303e-03	1.048688e-03	1.048532e-03	
1.045167e-03	2.775177e-03	1.044717e-03	1.044723e-03	1.044851e-03	1.044980e-03	1.045103e-03	1.045223e-03	1.045346e-03	1.045485e-03	1.045429e-03	
2.771284e-03	2.774471e-03	2.771281e-03	2.770761e-03	2.770720e-03	2.770718e-03	2.770719e-03	2.770721e-03	2.770726e-03	2.770767e-03	2.771013e-03	
